0.05696644074696118	0.014261057585934087	0.0
0.051137566846071035	0.047034832559613854	0.030424175036791082
0.0	0.004187859655663514	0.0
0.082902644668561	0.027505311513069966	0.013124780386478145
0.007493083560926529	0.008976030982757368	0.0
0.0	0.04129630882008576	0.0
0.10095844544852901	0.0	0.047880330824235456
0.09110670784688985	0.0	0.0
0.005578646275397104	0.0	0.0
0.0	0.0	0.0
0.042388978234413704	0.0	0.0
0.054840738084036694	0.0	0.0
0.0	0.0	0.022719856911832655
0.0	0.0	0.014906668645384468
0.03997669133405999	0.022981746227414546	0.08556624681096182
0.10810961256324826	0.10905611222679097	0.06443508589420904
0.05068573470548499	0.12109259106919831	0.020082682472627147
0.04508714774363469	0.0053487859872494905	0.0
0.09442744306395447	0.0	0.0
0.0	0.008417118277340046	0.007392433025554418
0.0	0.0	0.0
0.0	0.0	0.0
0.0414265063795338	0.016615278519747617	0.013784741377480333
0.013004664321259782	0.14141566824634277	0.109604795787874
0.07941282131280089	0.034298414040160374	0.10779439124637438
0.011737183221615223	0.007159317036529455	0.15265090517179541
0.0	0.04372252526246826	0.009717563811864657
0.02945377958722032	0.0	0.0
0.0036116190078837214	0.0	0.04336368888480416
0.0	0.01202935443744775	0.0
0.09876447832369348	0.0	0.0
0.0	0.14747712323581955	0.12963083037148976
0.037010356836567566	0.05192462860271796	0.0143271481849769
0.07396082220973127	0.1400884392131196	0.012725499898683105
0.05701260593424488	0.0885619918663451	0.05599369189655137
0.08400203274392605	0.001151544253190681	0.02250471225263454
0.0412786099802344	0.0052559980517456854	0.09482394425665497
0.0	0.0	0.12031483294161462
0.018295429876048784	0.046375746787564266	0.083322551153243
0.047863848271394144	0.03922418907088694	0.13689941337136918
0.0	0.12004113583419924	0.034826062052854455
0.03963532894992672	0.0	0.1218448886196623
0.0	0.0	0.09944392998507084
0.01862679237568089	0.034739958194351064	0.15132174181293329
0.04322981011693364	0.013539161350660824	0.0
0.15510251176156803	0.003433868488069307	0.06621013582824212
0.08648220695541363	0.0	0.06089517971695539
0.0	0.07883548715938693	0.0
0.02863197765232324	0.05950012180009265	0.04545709816038519
0.15188339617103638	0.12264444350431786	0.06486608661968433
0.07710728160264295	0.13942821406187594	0.13187098220572263
0.0	0.06132123173639317	0.0
0.0	0.06408657246866006	0.0
0.013104055329227121	0.06580466492531956	0.056534293741957536
0.0845962988738883	0.0595997574138891	0.150355172565092
0.10642585716817328	0.058265357661976776	0.026920118857649562
0.09491292558434788	0.004134121976713007	0.19664242695016715
0.04073034672071012	0.1455712132309074	0.045116389058950705
0.02660528787912384	0.011130078912714364	0.10408516209951653
0.024432660118536183	0.04639368572915126	0.07028884243555197
0.09651261205919656	0.01336687469988776	0.03332307013449904
0.040719522952734385	0.0	0.060167447246301985
0.0	0.037752156849074896	0.01478376537420202
0.12084298277347642	0.10463156058169759	0.04574297996215551
0.2027917471745034	0.10915503529889817	0.1434733873719636
0.04026552832223078	0.04020633279106997	0.03294035486971407
0.07044733726254601	0.039694906997705115	0.18889124185772224
0.11595239453835882	0.0	0.1406595947363668
0.03299836492060184	0.040801151245352066	0.09698434609700632
0.14125686845412566	0.08078151447573967	0.08928591395763912
0.04705141062819697	0.05906980567094459	0.09441120356696357
0.03048446579528806	0.03532353394827569	0.04795597066312024
0.06973004056449254	0.04639137098067955	0.11385088033923002
0.029351656333408957	0.04904061928810349	0.09818725637355716
0.09086460911119354	0.09200384384366384	0.02181417866507465
0.043497921654678855	0.029106874248492384	0.09738123349905861
0.13942670799804469	0.1199134240743999	0.08500860108185582
0.13946347185146088	0.021281864757464977	0.05415863012219857
0.1494476595415243	0.07512788836123281	0.09522403714234881
0.17024304908430204	0.13960484852366778	0.04607645853692055
0.21036349981159594	0.0009402988109638299	0.04764649535265144
0.044406714875450844	0.1228614592916728	0.04749984375449568
0.10947740623807395	0.18063393078612672	0.05294938168610182
0.07817748022593424	0.02848899684372065	0.1010673613389201
0.07615124401806345	0.051467200576973876	0.10226764905085063
0.07025013346884905	0.042451342030805916	0.1580102116983887
0.15521441157719362	0.12588857479919172	0.08144579551704542
0.14920821111097202	0.06708767296589757	0.08073193468179972
0.14344955470054271	0.11684330256033591	0.05687849657209472
0.050923409779166075	0.08676103539023057	0.026482759160757458
0.04702956736936993	0.15248889053214373	0.0
0.12085099179039994	0.10819646934181898	0.11359685742596487
0.13881647001147715	0.12003923919628148	0.1279449633566615
0.19063359436582486	0.026546957678311944	0.17760305692069167
0.10229690201845833	0.1797228946773163	0.10294000431823144
0.04945919467473534	0.06186348783564571	0.15051111065737302
0.12726743801744556	0.0	0.017517262082816648
0.0936685005686596	0.06259158955702687	0.13042084191161546
0.10781370188076958	0.07438050113535817	0.11450922002082571
0.08604261714085917	0.09497536970228962	0.11395695772801245
0.0	0.06950487421526136	0.11561207589040874
0.09288977248425487	0.10368666718067086	0.03339908316505706
0.1234509511641168	0.08391054841605619	0.1394042585310749
0.04639274032472795	0.07957589661766057	0.12475852615445578
0.06887318864199483	0.13117760044830884	0.11719823564411687
0.16869128357480456	0.11615506592593325	0.066206988763536
0.16137392625106517	0.10539127756161652	0.05544395084439138
0.1252352746883419	0.16299730786687222	0.19798244805343437
0.15025286032737345	0.07708165271653132	0.12908773219425865
0.08502772054705458	0.11234604134986595	0.1281337163747539
0.12281058302601884	0.14670810940915685	0.11902224235112695
0.09329977899764484	0.18169221043948403	0.08325126481763542
0.11137749256458461	0.08875616956341392	0.14846083816042516
0.13557151535835554	0.20108901423454206	0.1621708261718443
0.20514826291751748	0.12965618593661338	0.15930776074783032
0.15588687825074943	0.11650742155652657	0.0926612844413186
0.20560690501745976	0.26548141261062136	0.07590053885762243
0.10209242499921714	0.1267859092633918	0.19410272025337025
0.14480020643487596	0.18463465851834682	0.18693937960675389
0.18883318005766594	0.10891263178725062	0.09445869844795006
0.19806308641314746	0.1883793471077939	0.07682560625653855
0.14776019832343007	0.17957799561270693	0.2129490664094843
0.09776997954983668	0.18087072413688313	0.1253633380924301
0.14201643744083103	0.09442416732077391	0.18156108141988556
0.21354330846777975	0.12041360352749363	0.16029197769325076
0.16287233858199768	0.1284931311063824	0.27193298228879137
0.10925234760652057	0.11913629994280948	0.1473185292231004
0.14894859620177112	0.2211024853306757	0.09842961100263382
0.17711808864861744	0.1307391930440829	0.05760740765977873
0.13135622822721754	0.16834640734357212	0.0
0.11101199891548823	0.14831942454171618	0.16013782057490145
0.06802854771990596	0.042313359659919225	0.1648345071127939
0.1727979875115269	0.12060707423063649	0.13788693658207637
0.21234226232163528	0.20001626049251142	0.12639496923268817
0.09855050134439433	0.07457260220131895	0.12843212302965346
0.13907276110482963	0.10209497322545308	0.10270242173964245
0.1450282853075848	0.16612435129530045	0.1240905136542601
0.132567286654261	0.1767987266786786	0.1135762684071042
0.1570942035538103	0.26816657832533874	0.1268535012385512
0.1220184014912327	0.15572652146309038	0.1762485726940847
0.16521996864143662	0.12405930904217859	0.14223374751358095
0.11723667629760579	0.18565132251782057	0.0767585320669623
0.09460441958494444	0.06768207757217996	0.1611352505716571
0.15811192456233344	0.07207535476819625	0.11742500308983969
0.2084928982840626	0.2269321432675257	0.22167105021754335
0.11243636119327605	0.12152227264225014	0.0826023561651943
0.19437082933749333	0.20871208997690033	0.15810902788273154
0.11180284669447643	0.19230993848640798	0.17563189080082223
0.2643430344644088	0.020262582910214072	0.17131486884671268
0.10876876182443787	0.1890102920784838	0.11943314492637923
0.1037104770904039	0.19543225175763146	0.09740783182662913
0.1510995304405407	0.1304700183862067	0.16412944186853642
0.14533284149405695	0.17870385651144238	0.1801754115343526
0.12766939026459606	0.10678090179053507	0.12583603686729206
0.22584737366436597	0.17750794360244518	0.11339713338438048
0.1715072688188828	0.2026670866030526	0.1487966319150042
0.24669561638076373	0.19214681231678774	0.17535526557967912
0.04754143940201751	0.15680132312600548	0.10356019642588297
0.15717141503057652	0.18093114753862008	0.14507855382904092
0.14066320913591776	0.16451376090838138	0.1948781425553786
0.1894638635552256	0.1408586715209949	0.2349446523812449
0.1458768971963181	0.20196297336180172	0.05919051297736119
0.16774375439684694	0.11538934411450699	0.1679931961504347
0.0401985841871591	0.14454427027108765	0.22572096863811947
0.160232441846828	0.09255514841122114	0.1479040418095478
0.11860722822054681	0.22938943427189445	0.20231429811816332
0.16642316720306405	0.14428206953892825	0.17790660969022803
0.08606285039559375	0.11911973308009219	0.1638693079870866
0.14441402114918772	0.14162151681101315	0.15221273016461942
0.08744088581272261	0.20161403332502448	0.25658764091123487
0.1387860853371981	0.1383522462360663	0.16069056003772159
0.1675551245708401	0.16440761012521599	0.1930919971161344
0.12828894959048692	0.2692116076438138	0.15624947139601436
0.13467476088492106	0.21767254578068634	0.12822642132405632
0.16413249297091598	0.1503516903153796	0.15731019179341577
0.16997164588383037	0.20023870446823322	0.20397035651152068
0.1749503884810179	0.1891879484336459	0.20542058249023676
0.1668894281639592	0.16276622132744004	0.16572356816441192
0.1791130502639932	0.22078579265594545	0.2608364605012502
0.22010757027425804	0.16974185410324036	0.22711894130043714
0.17552518898639388	0.10147135117486089	0.20679635807265506
0.2800743795439481	0.17333920851784299	0.1798799205211917
0.2587397626078136	0.19383696741142986	0.2532716138825441
0.24412975783161012	0.11391962073651954	0.1307391307859251
0.16301869987278456	0.17618082039775385	0.1817247261937684
0.22334062088987205	0.17609294793674654	0.1709211142674651
0.15618304987956597	0.196080115470923	0.14186367639235414
0.1743259449766353	0.22049924689007683	0.256180085390327
0.17025944589069436	0.19892647675925426	0.1929934354529893
0.19521687646056488	0.20077058465476483	0.2476368923880623
0.21592158184131444	0.1914731303441281	0.196496842349917
0.24444976120795747	0.21319469422893766	0.16209330060857668
0.09329167690295681	0.21452212986810767	0.2488747515207819
0.15877130810785767	0.2506760393104067	0.1633501195015898
0.08300171281632572	0.1539221367544167	0.24955690695582078
0.2691252560922129	0.19718006507384825	0.2184773808547947
0.16982469957978574	0.2592006986580349	0.22072238687597842
0.30676978506547514	0.2035906752510598	0.19280823738591035
0.23815585173767087	0.20120071816231505	0.2233759588908602
0.17233079375078544	0.22348600998947218	0.28765677810911316
0.15319817394658575	0.1768180050955117	0.18366880761864027
0.16618087067158696	0.11086776987983447	0.26400383774241754
0.2162700865829466	0.2747626805045485	0.1466458779824502
0.2869221329275521	0.13260717948392287	0.16666800382570787
0.2513530602238003	0.1546744347474639	0.21506934738419012
0.17739777473064874	0.23753478277607934	0.26538789600429674
0.206163294676189	0.20798327061247163	0.2806246974241103
0.26093452890965313	0.17732759053983918	0.22781654435378076
0.21918382691420848	0.2347538030703633	0.20735471361569052
0.25330368082652266	0.261460522382449	0.19414070953993084
0.20080644465085792	0.358493949264859	0.2970610423198423
0.173730971838218	0.22606408632561506	0.16896508600688448
0.24325777060213377	0.1416161215346039	0.29289979404433536
0.16866762637886656	0.24027321820317554	0.18540450677810957
0.1919367634725342	0.18472680197914548	0.220352383901455
0.27873704485791057	0.19267958280483966	0.23084544225653314
0.2515426913026848	0.16124791403926417	0.12071379460922207
0.2737483873657147	0.20206445495569428	0.20956938373190107
0.18003931682782415	0.18344722215616352	0.2040062627401471
0.2769092979817389	0.16425147681027558	0.19834189514451409
0.26534541103486137	0.2665229348723088	0.2617486723930005
0.22183168943564602	0.18758234584320188	0.2828793752478885
0.2038535689234533	0.258998588839953	0.16963651375708544
0.2783259946731674	0.24745612329775243	0.15390536543718258
0.15434345939807137	0.23425325704557726	0.2921785358650601
0.16008128364736207	0.2471632099040159	0.28975093587809997
0.13400483076449865	0.1841075691182038	0.3267181746047785
0.28562647550516473	0.24043334320642523	0.2554107355229156
0.27453573631526496	0.19215132756423522	0.16986390300010615
0.17247343421099232	0.16130705123348676	0.16582274706920053
0.2833674214886643	0.14155956048372056	0.17802859064819784
0.1759384672652486	0.28095643911108203	0.25492872144220585
0.21375323263215204	0.22326267146744128	0.23757759362630773
0.1719862159992691	0.2670653584645664	0.20364970801598992
0.1656046262200775	0.25182683520748356	0.27605305146870185
0.11919401308687644	0.25544353282108423	0.13452241822546218
0.2171264773697787	0.23231036970221086	0.24575371644320232
0.22058635795445472	0.28743889949634177	0.28756336288524803
0.2589899465066572	0.16910787378366957	0.20687984164199757
0.2526031849294216	0.19054293271299827	0.24915672893256935
0.18880071972169948	0.2316463003365982	0.20608271114185606
0.25995587635567335	0.2769967760902762	0.3189846006995379
0.20385966557160284	0.22223030476701805	0.38332813798740684
0.27616523675451143	0.27501279049832517	0.21203531472612347
0.20720893103255392	0.20234253837414468	0.24274414740867267
0.2476997637622262	0.23086305940604712	0.17539624727806702
0.21839055584850844	0.3531849073578244	0.19500675748482604
0.2376188510696439	0.21361852871476592	0.2914062684257994
0.29459862819419974	0.2160513161843948	0.27493536058454265
0.20292019240518278	0.27597918188020154	0.2582720280318286
0.28146444537677767	0.2562812370317047	0.34796601605778615
0.2554932074879007	0.3454008390423293	0.1300882062782932
0.2808089842864989	0.29582370357748583	0.2561791678997581
0.22637621554989196	0.28879647884714144	0.21825165293580412
0.2797164600636493	0.15415384569595686	0.2824810566494148
0.23646724670623323	0.2702460915109632	0.3018655674020228
0.2832689634362559	0.2603469509482354	0.13203774271213714
0.28254048122781994	0.33618564507315646	0.2832788920728381
0.2626766732181182	0.26157169332509483	0.2749781622585451
0.24737117994615562	0.32072489054442443	0.2125351639770474
0.2713330556547588	0.2592257366932212	0.2952726647232134
0.27486457180349494	0.25956894552034715	0.31417018145483205
0.3967465809356512	0.28745555633661435	0.25067134508884376
0.12189053544220277	0.23728583314368706	0.3203342152707787
0.29785279121648744	0.2976727764464492	0.22684030791727197
0.300457690263833	0.3531650610870649	0.33062174990133164
0.31647417718503756	0.20117089965873716	0.1993854442044779
0.3176309722188362	0.3074718697474446	0.22808651370845873
0.31800086673017147	0.27650603115504513	0.2871084936972499
0.17789216500015653	0.3144171682439702	0.24831281806042166
0.371257630749315	0.3194782575254228	0.26910532660977277
0.2770955604701813	0.3758027373140569	0.20110489969528628
0.2484764385387031	0.34042589138787216	0.34923034495944594
0.23347033346438073	0.2993585341623473	0.2751689117710408
0.24271274260984657	0.22123256030579092	0.298634826802936
0.24727428776206833	0.4135042131458686	0.27685499481086784
0.3247685632412505	0.2780730575491852	0.3183377971975293
0.2731352405337398	0.36890074724709937	0.28496277058180575
0.31546362293072083	0.23131411420749354	0.19134654272455345
0.2836770104178978	0.3103219390746338	0.24184800709725782
0.19278968309492553	0.2570167625700906	0.34103648490552
0.22434036450134667	0.3106976003617657	0.30672480001258934
0.2713823126244165	0.29508285480452284	0.2475756976418442
0.28099881055227643	0.24343716055592635	0.3470816985296751
0.28865737393971064	0.2643135272678535	0.21792806462237263
0.3043097383090407	0.2543880820755439	0.1806868591262659
0.2674351783577078	0.2678629464380252	0.29984494315662463
0.26895894086665517	0.2278820126619172	0.2843688966841623
0.27431134536285323	0.2224745463898726	0.3079587824029924
0.22110778799468855	0.3064514423176388	0.21232994847169662
0.3710281726282372	0.20367744763038276	0.22610938189045865
0.3460033048536525	0.34008778749381147	0.2722030534212101
0.15235084114536063	0.2669616834986561	0.3171948157473569
0.22093661803228387	0.23700391416161826	0.4014857228925172
0.29739926212832773	0.2640112186960943	0.29913563516904207
0.3373387119050266	0.3001110612680749	0.3230383070319201
0.20116165812030662	0.29961944528087575	0.3805449005695149
0.30390241598328793	0.25804729898677414	0.33171066417559997
0.16470744385760372	0.37699179723992005	0.34114628050350176
0.2912134189146919	0.2572526177761561	0.26026859718080425
0.33893514897650306	0.28350214888636477	0.3564250087473889
0.2779669866985221	0.32004528626697487	0.23214368782975392
0.3176100510319147	0.2727414136024994	0.36190047584038937
0.311091648701733	0.311522052636988	0.13818880579279433
0.3104704380713059	0.2357469471494703	0.27781569447140253
0.22101859598264084	0.24309563067556428	0.3434591057405354
0.34763674196007277	0.30827361133029246	0.2434909740802192
0.19199547523744104	0.39276148449542225	0.3066062961676709
0.34698581896611247	0.39487846373124447	0.252590876320404
0.2960736994204226	0.32276711193300905	0.3266379617231523
0.32277167619766	0.3000661339314427	0.3077769303251619
0.34894956129031096	0.2904011967679918	0.3443901594178903
0.2831818136816632	0.36751136005991125	0.22729742476154546
0.30964507310619604	0.32361096637726483	0.23406999885321622
0.2727212488175738	0.4218506519077234	0.3457545995158974
0.27122354383777225	0.3222742377483159	0.33618919530693475
0.31793672927358146	0.24444188242981535	0.3883973226324206
0.3115771153598679	0.24472642104164571	0.3134869048891028
0.3168823250292003	0.19220817612418395	0.29943382522644124
0.33625291297584153	0.27757958716306624	0.32339777032409023
0.3185393981871967	0.24193490316688887	0.3080143933407715
0.28254995554621454	0.3416597763834829	0.3384523510888459
0.45050716212927644	0.3790712601427724	0.2852906150471609
0.2900564906585943	0.34212696877666365	0.35521668684263424
0.33969199927015153	0.36446738840158216	0.28921607698887125
0.23051883419937455	0.35010340969070664	0.3396931612048146
0.3252587049136167	0.3252949241836559	0.40952319544297866
0.356344670151916	0.38787462336064665	0.2967420575404361
0.2884732390513157	0.4244726998531936	0.3666663408902383
0.2626376668894882	0.35678825369192696	0.3384602208133628
0.3632032338252934	0.25695120418366924	0.27998662430848303
0.31895898447295884	0.3269961113455052	0.33883251537018627
0.3662891497934278	0.2803712171742864	0.21690620749099276
0.2616249856028007	0.3048226076060852	0.23777740265262587
0.2637324885776243	0.38218354903784607	0.38601721535325423
0.2728542318168158	0.33713419788254423	0.28626200308042565
0.3984070765682995	0.29336850427642797	0.31694611561181685
0.47718212030802387	0.40476044726988214	0.3585464420467016
0.30832897119170605	0.34934240697464813	0.2899006220434591
0.3766847985109656	0.36696316604323587	0.35922040571189
0.4106600576354813	0.27650574486747265	0.432681023944723
0.32265937641365955	0.34865724974872503	0.31667856002174183
0.31431406447906773	0.332963202587843	0.31066564108010497
0.34288525563425426	0.2926524680702839	0.41879608476408114
0.3400648281710984	0.31713103103540474	0.17983930943754742
0.30800813259191506	0.3811729284083808	0.33902406819354397
0.3217934872950811	0.3628349082523212	0.39124409485964773
0.39523410999178976	0.347323928000985	0.36329797512047635
0.24356888490002163	0.39316885895184756	0.4071363405277305
0.4037467110523662	0.3287079516275032	0.30767371368040836
0.3408005791891433	0.3772101481177896	0.4040521029484201
0.3366262554831155	0.38611638367428236	0.32962294027448397
0.4006499174851292	0.4135089894133533	0.2842448624151398
0.4179184358047106	0.30285550246296056	0.3581512057674916
0.34533209321272407	0.4421042744662182	0.35887465392864953
0.3891334705983875	0.4103964092546614	0.31524446008802814
0.3904807615608579	0.3844508117459071	0.32402246185038897
0.35481594483223505	0.4149447696929373	0.3800734788833174
0.38114152382051847	0.312975647946924	0.45145515269883585
0.33266522913787067	0.46895677483375264	0.44527747809774726
0.3732697519296265	0.3547932762469345	0.28618262830811125
0.307089978694206	0.372411616683584	0.3354059426479964
0.3317110568862422	0.2706070581937236	0.2869272371814853
0.2744447884670391	0.3053118671094937	0.3679812450514103
0.4133749788912413	0.39299354106531803	0.3821908312154692
0.3679425529979085	0.3814811070883021	0.3969247313759694
0.33951501610876944	0.41007081376279136	0.41696117880556666
0.39474314532805127	0.36556527618863865	0.2940236807399912
0.3509447881085994	0.3767780295441046	0.39570785879627546
0.3488389728657725	0.30399052448219455	0.3843099652365112
0.40670682365072097	0.37259176026145446	0.35739243815780647
0.30889356595004824	0.312977379141365	0.40617037384370336
0.4061094002437642	0.35445284001820143	0.45140491668435745
0.4095621574293443	0.33487252851711924	0.29011563326332146
0.329683319828538	0.3505764661310015	0.3505796264764782
0.3485988559927903	0.3994858104380585	0.3555735996148088
0.39564167887181934	0.32468226596332506	0.3269352054602778
0.41284671962606195	0.3569094844025089	0.43043204020120207
0.3014069534462483	0.40602931636954503	0.3993063344534343
0.2945580249319752	0.3091566703569919	0.37245094834098974
0.33932638140519156	0.37233696559698487	0.3874074069284933
0.3582346483508392	0.35815717403373637	0.38342501710533705
0.4290232039272043	0.40825448242454654	0.3705137385254544
0.4139790262728304	0.46008353645681027	0.44893246722580354
0.37389722450058605	0.3593343285340466	0.4483110271148538
0.42280579750162517	0.3675331932774702	0.3979132872897119
0.30153963302548414	0.3722651649021321	0.39436498820024435
0.3624427693100055	0.44296225291592856	0.3823675891430822
0.4105669199531405	0.3821912081769835	0.330498161680981
0.3984049218760707	0.4548683501578411	0.4504718706432557
0.3901427880951986	0.4569923673998523	0.4373810201877074
0.4017005821467417	0.3885173606531198	0.4347329174951198
0.4231753196483021	0.3265307608951663	0.37768629591884895
0.5063662171867113	0.46947042623770807	0.28359130124341336
0.4307836447482432	0.3636592102684876	0.39358853565458063
0.33837230807006624	0.32662056401198625	0.44397585162163844
0.3709229865215797	0.35614580049574496	0.4001146107241789
0.4275961448273104	0.3455500405073161	0.36859251684905875
0.42056923848670996	0.3520679166529729	0.44506319863265903
0.33760645819864876	0.37962436089620216	0.3532895216931471
0.4215988365683179	0.3814214931602433	0.4873482549830947
0.5065712306022498	0.46531260018714565	0.35558752920671904
0.3533127476140251	0.388359574947515	0.37416860069817703
0.35048630207020803	0.35470999889760924	0.4961034443590735
0.3562937303408339	0.47116182397207423	0.43155669322427953
0.4319468834257862	0.47155952207002316	0.3587502577639272
0.3884875951760875	0.32755420509418337	0.3070333410084391
0.4458319986786826	0.438106397017042	0.39631636625929173
0.5267027216986803	0.34476090626076417	0.335747519018855
0.3303196041530443	0.31390267116840387	0.47329462694578817
0.46126194187624076	0.46343050129660013	0.411461355619975
0.37382024829769656	0.3603438709312012	0.3274782871133107
0.3792338151900888	0.41312983157667893	0.517255972809417
0.4068902938309882	0.47172966772127667	0.5150551410986874
0.47096414087014304	0.40512326192278225	0.3894457331976627
0.4510928352714966	0.46819447415639487	0.5036634375648218
0.47111600537030496	0.3273682764808966	0.4754004238318166
0.5166446778382653	0.4149442331584482	0.4376191177696147
0.4228188515354175	0.44956137384235023	0.42110369062261355
0.38509731543416215	0.4395172857646487	0.4353984297768427
0.3861814116636843	0.3829161308852173	0.33730383085239635
0.4389630406061547	0.35045687609383713	0.32956344850098085
0.47032078790494025	0.4006946367243964	0.4478223292706108
0.3598610358026181	0.39917141406276135	0.400554457453
0.4453037652653174	0.43456987035239725	0.431328269417444
0.4412221264168742	0.48283256847358386	0.4017521477055166
0.41943071093754003	0.30376542645944005	0.37057240514539946
0.43592458109376614	0.35970568399621816	0.46117273489119065
0.43752274614389997	0.41322761111313255	0.423985734265618
0.457526904546618	0.47792581001929113	0.4095594841152827
0.47578821069522703	0.34568679125554025	0.41471611266455166
0.41147983056919485	0.4847943462834586	0.4665677058771671
0.4638119077537948	0.3614368952606155	0.43846920925986194
0.45655457468843785	0.431984072495	0.41000570442297996
0.41747804093299296	0.37388842806353684	0.45694331150463896
0.4301118994236148	0.4178725739036959	0.41874017078175874
0.3974094046197674	0.34937324569740974	0.35744461396676763
0.510917326488884	0.43460340078787063	0.46421571986882076
0.35999794308938915	0.3745977558313216	0.4686979303155139
0.38936075074490756	0.4061786488339568	0.4983988564657509
0.3980474390653257	0.43349671532748724	0.500044819308617
0.4261614785175278	0.37879655783034993	0.41334359784430885
0.48976935158853985	0.4082522295987296	0.4366644853410366
0.4438813478092375	0.4858658239158447	0.460061654247883
0.39376969845670307	0.35522592489915333	0.386863958150646
0.5222840738266183	0.5457284958661173	0.45860083376275357
0.42871745748559115	0.49369324120622476	0.4264710429318928
0.36784342031678396	0.4190652205777695	0.48461350419925314
0.5923914926736153	0.5341788174488822	0.4188566331644873
0.3912346511623911	0.5116763766092001	0.42907298283026846
0.557641803167877	0.39548545667664714	0.41356516990321546
0.46113656830379324	0.4262097605790509	0.42977171740550896
0.4544532326060484	0.42196371537877575	0.43884412741295215
0.4835278627426747	0.510286791069777	0.3343324342149811
0.36709642004510656	0.4222541115831071	0.44654772328989695
0.48033086028593	0.4875227402626534	0.45012748732980856
0.43538215876140673	0.49162560848506764	0.4660727598821072
0.47347165627762766	0.39015818061646024	0.42440711930429004
0.40961284997144193	0.46388023777923976	0.5515773205783396
0.4428314133713305	0.49819933017899914	0.4652303161033076
0.48382829381556386	0.49036523806631616	0.4885151073947225
0.4693677260132927	0.5260237703533123	0.43861435534581217
0.4180837568957674	0.47839406619871916	0.5186232470529102
0.4901107218665532	0.46364444006227995	0.37517490308840407
0.47765524196725645	0.5116400913769376	0.47760160456252
0.4738612712455457	0.5255187752248881	0.4706084189411102
0.41750304459656856	0.43243484328976994	0.485438627931423
0.5252839392723587	0.5304160053232558	0.5190183905638299
0.4172923903909317	0.5217402633177113	0.4665369041131846
0.49356345825233366	0.48698720310483784	0.5195819648628095
0.3597520715844049	0.5368339326607651	0.5025712751065131
0.5030004444610581	0.4419733750014644	0.4416684382699364
0.4505180814709831	0.4643238945058641	0.45080164711323734
0.44841402214174064	0.5368971238432424	0.48655523758198027
0.5719971936781912	0.5137648651115152	0.3957101631233909
0.4682788851489862	0.4414664720087407	0.539157577343749
0.4570744166646668	0.44637322174604	0.4686728679525419
0.4487164779345696	0.4860132985117859	0.5284137230166708
0.5501370143644073	0.4645421236813064	0.4156768376779871
0.5388621939991299	0.4412182212579054	0.46700922691390073
0.4847973252701983	0.5209612877187769	0.40151182148572867
0.42423729828238216	0.4019644206843307	0.48293681078542144
0.46503271716447964	0.45320335730294303	0.5766478344693349
0.5642927732495626	0.4784872390739907	0.44033613225299784
0.5147066151028246	0.4838342537091549	0.5006788090546436
0.5085149670784761	0.4896575362721813	0.542268830046041
0.43081550503626787	0.5293954448619801	0.5110216635959642
0.4137688064076823	0.49147743635569374	0.4493674618059982
0.48047269897662304	0.5229833182936771	0.4146235591429134
0.4708532604551502	0.5582135862942852	0.38362716789517665
0.5149596487160073	0.5078032401855944	0.5473557876557299
0.5058151674149871	0.5489275511289862	0.5205778437679445
0.476015036138758	0.49457305545420566	0.5268832817801011
0.4940506794336687	0.5188461864015645	0.5547540971141101
0.5204053636947209	0.5198995857875861	0.5291029206584529
0.4973233936968963	0.512539331472979	0.4970552207093426
0.43427493817989576	0.49761970190779364	0.46031481549851394
0.4094688469733026	0.6524113996044395	0.48865559646622225
0.4956886108613762	0.5269329989983712	0.47000453886162474
0.4674432474519914	0.5628456469646136	0.4091652700344928
0.44879637176259446	0.5758733068246669	0.5164861558403478
0.515150817766314	0.5266218892054162	0.4577648680273301
0.6185834549028827	0.6054470720986682	0.5105907351924899
0.4175562699841053	0.5351637418590505	0.5156380208775497
0.46745436734803003	0.471864813757591	0.5268882820125291
0.46811751226446247	0.5060546922011357	0.5104580690851268
0.5003729958194182	0.5499763818823115	0.5186046331508387
0.590468446916793	0.47585577728739914	0.5212087374729789
0.5305130452589154	0.4951276923889909	0.48378111314868677
0.6564684335495805	0.5587441293203574	0.5929984113281316
0.5253608106252146	0.5103678822141575	0.49335593254140564
0.5984133074791259	0.5513802780682313	0.5634069448894643
0.5082645521158153	0.5787574258003888	0.5184739179568308
0.5169286834076219	0.44282384547729137	0.5095588535066675
0.4989383565017911	0.5287554395880605	0.4827539340522507
0.5075165081345127	0.5287884736364282	0.534483975530224
0.42681978975680285	0.5288642492091227	0.46299578462602686
0.4932852838278474	0.4929377038498826	0.46862371289072846
0.5002643375296423	0.47489466013035564	0.5066752436044522
0.5588260291999716	0.5693849690969214	0.5135159378790717
0.4844620232771033	0.5150736320305069	0.4515470269562147
0.6436170777240364	0.5587080979721556	0.5284850653402166
0.5693862876831791	0.6090806268211084	0.41847914756713617
0.4475750025157495	0.46266930144100904	0.5857962770977907
0.5792166948256191	0.5127421969349507	0.5966802451901957
0.5855393747283446	0.5754494544662293	0.5260240663494162
0.5632880058748378	0.4969833067011883	0.4917366147667669
0.5808627726451179	0.5629281364338681	0.5875511897474077
0.5331062384988199	0.6091936598685367	0.5382356114092265
0.4796196509025339	0.597901369146231	0.6049935499283118
0.5552810547483339	0.4855491339516026	0.5381773886615864
0.5776166218610514	0.5570540620341768	0.5488134982934162
0.5842687697536686	0.5889569069404266	0.5615834472292329
0.43995598592032814	0.4102939139610814	0.48998386352426126
0.5149099807998179	0.39051276601324747	0.5716565113680854
0.6532632379422871	0.588207853390087	0.5701260804867042
0.5451043755617492	0.5322515384024269	0.5540908081506022
0.5519637451072724	0.6250420571339216	0.4422985147577504
0.5834188352840436	0.5433975306010962	0.5135236010148498
0.5703868851902651	0.6001472301201889	0.5495879846529345
0.6056840403350813	0.5364190692967874	0.44279638783388914
0.6200057293184174	0.5027368267471138	0.5588782801146324
0.5838565394453616	0.4875977437221413	0.521694365758782
0.6004558025640988	0.5599726228053384	0.5413306197171242
0.6215617677345564	0.48760771994515106	0.46276381634937064
0.4842369639910089	0.5098639077869465	0.6444199889166824
0.5380079555568513	0.5196534253753906	0.5042668940640881
0.5363116633742508	0.5253761708424131	0.6013844980381623
0.5787782632945566	0.5382654656470292	0.5400308942570603
0.5656339479090386	0.54463601579231	0.4895971678421373
0.5715454403713455	0.5063773927739349	0.523354846541127
0.5513172008648574	0.5020614079744391	0.571122455055556
0.5052192701269738	0.5913073101758016	0.547543052276126
0.45767471819453887	0.5005198510294099	0.5707917505906125
0.5778430235961729	0.5882951288892195	0.6429608904433263
0.6370777095738854	0.5316373058508681	0.5378326627166672
0.6284192207398589	0.4995952730283648	0.5540043061605479
0.6330178855528017	0.555685713316477	0.6803977872498795
0.5762979837085296	0.5974282416584152	0.5560929629615311
0.5077034342020904	0.5471896567958475	0.5902179593361807
0.616575683944371	0.5419082396537062	0.5712213577950509
0.625064169299934	0.6083142519948294	0.5353579223561533
0.5921746500650241	0.6059472782102199	0.6049930038660084
0.6098317536616343	0.5224156363760065	0.5394729343265453
0.6927211418575234	0.5843322405015935	0.4750729718666883
0.4791815490280513	0.5645665187562077	0.5647488732388893
0.5786375546863819	0.5075571503203952	0.5274009919393231
0.6248557373387679	0.5709424337495564	0.5834715173741752
0.6099229197233484	0.5254769707234073	0.3831104474907143
0.6436566180379417	0.5159262415084641	0.5698240717860443
0.6567557405117685	0.6036407264532521	0.6282398146483043
0.6153737466326257	0.6158836330032986	0.5997499654985591
0.5330565016722583	0.551222750357363	0.6327559665371553
0.5795322740356412	0.5283214360670982	0.671222314948387
0.56560007678398	0.58229421371874	0.5858917870260815
0.5265159515477309	0.5855858284150793	0.5486250767338701
0.5106058437589704	0.46619477636760065	0.5549078551563638
0.5370849676591712	0.6344367883610011	0.5291415436912683
0.5918871461235007	0.6451688272909475	0.5341735416449623
0.5238041897767611	0.5552175860694167	0.5135139951884996
0.6857974569941425	0.5606066805753361	0.45816263441029415
0.5622883939746212	0.6047649250855848	0.5578610202148689
0.6897527936539304	0.5057944843930066	0.6201308527128022
0.650770964207077	0.6037320655091162	0.6026727697761917
0.5475941104111122	0.607761212058153	0.6025936355455311
0.5978850774054679	0.6641255416694712	0.5723396072259478
0.6573593719488909	0.6051578835267122	0.5565055587298795
0.5995816956176379	0.5363293597230656	0.59646400896463
0.4945672972364199	0.6321598880163989	0.5048461579341218
0.6381671807761027	0.627597270586313	0.5820293335025398
0.54910372844525	0.561544638809457	0.6608159079271063
0.5110280493084863	0.6699412001478269	0.6203631996415808
0.583668916482293	0.599698180762549	0.5676410304010198
0.5327339030608358	0.582928519827978	0.6073813085009261
0.6351090472228176	0.5546566436429351	0.6218918054129241
0.6034095548617381	0.5191066522003231	0.6194715131710954
0.5649967892087678	0.5709619708494549	0.5827543944087741
0.5083197238898989	0.6568773545738629	0.6763580945770741
0.6715443339466053	0.5453318018708121	0.5893958146351095
0.6606134008594099	0.5746561268144996	0.6188120287236109
0.5460235520670162	0.5269423227993588	0.6551953084026548
0.5617619403062235	0.6209826821278407	0.6733509537396598
0.6036618391322963	0.5916247007151996	0.5746585055693987
0.6289742871760775	0.5249426132084469	0.6355258704725275
0.6326789108618057	0.6743224802491076	0.6444712150497472
0.5509582633500467	0.6377459972342239	0.5807177982330549
0.6083762450102913	0.6771552839522919	0.6574684444602329
0.5809471470287778	0.5772124217220256	0.5829587383327178
0.6850729083390817	0.5267125537809962	0.6262729763466139
0.653679218185354	0.5632225131128338	0.6035897994203933
0.6253593876519778	0.6084570422639757	0.6528094801532939
0.6645337800706791	0.5929392890774977	0.6481100472589608
0.6736421456702564	0.5790293221687467	0.6820441900327552
0.6352865658116107	0.6582462960638835	0.6110619514257769
0.5519412334501097	0.5172159918954179	0.6761905263810388
0.6167929921660277	0.6264902890547713	0.5951164934637247
0.6489764805882037	0.48206158945450595	0.6321886221625722
0.6117575919084087	0.5777803070249022	0.6036956408166775
0.5856506395659491	0.6013562965445647	0.6080588796575402
0.523538261223246	0.5681589412907498	0.6008696322164775
0.5248858741912981	0.5873988130485819	0.6576547138149702
0.6598973066954524	0.6501163778781976	0.682405594642859
0.6575483698827649	0.5862454037580991	0.6624974951565227
0.57788142222098	0.6407289623080491	0.6642950050697796
0.5603873845067792	0.6353399977764979	0.6590498928347021
0.55035848442666	0.6511718648235559	0.5913961768234872
0.6294248127361782	0.5852435421137082	0.5357398285242725
0.6375679455042487	0.564585302157748	0.5890859304356869
0.6342934190434866	0.6546901122541446	0.5442077022973718
0.5873137063706703	0.6361627936923333	0.6102880975792573
0.650188762915282	0.5995504729708123	0.6429327242467183
0.6294196925074196	0.6082466233719772	0.5886389396254311
0.6479510723347367	0.6243903675528125	0.5715622605256058
0.6445669505462019	0.5746475614808069	0.6783518011321996
0.6771164103721199	0.6577957974345353	0.6306032926547073
0.6598692395039918	0.6226238753565602	0.6290169515033381
0.6585203086153584	0.570243194487454	0.650246597446794
0.638086829087363	0.6483065131629017	0.6152680686461244
0.6512844484072094	0.6711480837796534	0.5577058794549954
0.6081361298631155	0.6641099936605673	0.6357203536599576
0.6834190622347085	0.6781893825516399	0.6274742870671234
0.6870559690347375	0.5677449426485524	0.5909376138521422
0.5958702952634768	0.6442612833088929	0.7135638780036847
0.5996683570614708	0.6588620310191909	0.687140101734339
0.6617074328161068	0.6362283985663998	0.6627589580618336
0.6585219313193073	0.6708739712085909	0.6697174885296352
0.6761290267744982	0.624970582752544	0.6954880246731922
0.6315632663880217	0.6410964508866817	0.6060890665276718
0.6264284565718965	0.60590803431973	0.6599993284942882
0.7227091156995047	0.6858516505247704	0.6656653118415007
0.6816938132763833	0.6257938428042159	0.6925327548900349
0.7570273816702584	0.6588197806391385	0.6994439490524267
0.6222803926527188	0.6004066547128111	0.6725365202610497
0.5087055364334588	0.5450970208634124	0.5717165016909533
0.6071005731065683	0.7337470113259316	0.6965461654424434
0.7380138054864581	0.642956845413456	0.6921973779912687
0.6606583866191902	0.7326061883053738	0.6972785678244503
0.7048796669768437	0.6434024574883707	0.5997372568706432
0.6610397042604416	0.5562136292574211	0.7158043111687556
0.6009411804824726	0.6336352922278868	0.7022115732994203
0.6350810580452048	0.6385637252388359	0.6908482798894069
0.6720439226184218	0.6648633722696872	0.7001780815817188
0.654248837963212	0.7576046104185893	0.6664771392950225
0.6663997968460593	0.6698802936037457	0.7137007100946778
0.6779840329999058	0.5836344082311086	0.6844554828178161
0.6806892785243359	0.6945723946363057	0.6763578790231057
0.7195347354723489	0.6444874918096063	0.6747335572188662
0.5452318799709928	0.6680933980801191	0.7025147038700503
0.6562768827192731	0.6380269361928219	0.6645891105199991
0.6840382580402096	0.6326876236799772	0.5840946169840786
0.6798021866741648	0.7093666549315268	0.6436676027909609
0.6701400462436087	0.6344133861250942	0.7645031443853919
0.6722991971608311	0.7123401251573607	0.7201681569319109
0.7578471249986949	0.6268777362173984	0.739036000165852
0.7541001689030361	0.6167223836961564	0.6990398188397141
0.6375924668428444	0.5942093321821632	0.5864424225072074
0.6489050430575821	0.7326308156492207	0.6762269658241392
0.6443327201267566	0.7093368741140873	0.7088031030847239
0.6933806402682935	0.7127325395645763	0.657727579898839
0.754514432197471	0.6888549459775503	0.6450991670516739
0.604909858605482	0.6470404277092501	0.6587185014497449
0.7159007441134494	0.7218508415148757	0.6229917328077827
0.6857853431722922	0.6972684680288568	0.6693413888103777
0.65369468943731	0.7484507243266176	0.7580105947434215
0.7710623818758224	0.6591823330454383	0.5785853354300303
0.6527551160428956	0.6700605509050213	0.6230922044800843
0.5680821849678601	0.7595407585783109	0.7379306669479909
0.6849526468273227	0.650483937888336	0.7992394481235279
0.6148952630336284	0.7430623284661166	0.6880014552365957
0.7485586034581628	0.704952772412458	0.7234648877323105
0.6701996424322259	0.5821473406016536	0.69865547880832
0.6739693588034852	0.6469323570897826	0.6770632040463485
0.715761370587636	0.6874984094616702	0.7136762858022455
0.6576847191978531	0.8054924459138515	0.6930533307197326
0.7584891315441928	0.6798133933698769	0.7305422173039646
0.733555053399112	0.8049019519675382	0.7127591219851106
0.7518737550796835	0.7369465454164557	0.69166112605966
0.636028521374242	0.7142029626863539	0.6079871800417521
0.7358778189724097	0.7189081082867625	0.7337977169274534
0.6896207916898621	0.7209753379183258	0.7045728532276225
0.6955527451339738	0.6920387082702395	0.7320233124624176
0.7516524776204533	0.7618530792429198	0.6555133737940944
0.6454136612320014	0.7590141015231467	0.7162468280254033
0.7379603250600508	0.775608605274871	0.6371092739557587
0.6930601296133768	0.7406289279471469	0.7169209990728096
0.7142313781700824	0.6929521016468017	0.6375208779022778
0.6599865609097586	0.7539053813213988	0.7020490304893409
0.6928218539583385	0.6630479262724535	0.8084961409482722
0.8036344788558455	0.6627767009680898	0.6973569026129238
0.7507817311251287	0.7984575975674955	0.6133425167500621
0.7837052432248239	0.7437081511739486	0.6261993873865235
0.73725941927878	0.7447850134980447	0.7435192886145664
0.7310924207932465	0.7124291691126753	0.7578876991307752
0.6607733607679032	0.7368275972024819	0.6604112260355847
0.7915206409186166	0.7100254983863571	0.6988833817546297
0.7217536441373446	0.7830497649278206	0.7151491297193111
0.7591097225838838	0.7605094863176363	0.7095744762242178
0.6162396512349765	0.6283813052869466	0.7571753067627414
0.7266587666561011	0.7070542174204985	0.7291483538909395
0.7651880863438907	0.6538334871770597	0.6584739157374013
0.8103894762623812	0.615525977248772	0.7354116371528774
0.7145026921581844	0.7682011435766501	0.7371153474490378
0.7418532882766516	0.6983313707642584	0.7195668328206314
0.7800278491461347	0.7650987204764381	0.6903510086012209
0.7199142326671619	0.7281818274201639	0.718542736381479
0.7341135356760732	0.752865805502078	0.7736972881165425
0.7240253962376375	0.7638879629242035	0.8068765593858529
0.7531574249422603	0.7726244009886601	0.7522481362729705
0.6874464393849355	0.6794527451997118	0.7147793915095552
0.7471110981102786	0.7553973044634613	0.7058053484374868
0.6735241161168707	0.7980072603711608	0.6849106834609722
0.641579550846511	0.6950478233205182	0.6985705073588713
0.6638521647047358	0.6931757668246873	0.8012945085923785
0.7815487964053599	0.8712289846638044	0.7261256662679865
0.7694888022217536	0.792890948711469	0.7470955745065467
0.6956766957855166	0.7583015665531878	0.7344188900070807
0.7963745013703958	0.7275599657614034	0.748873318499052
0.6517278078576682	0.7391842319239122	0.7450843977139467
0.6820391956579351	0.7253558797887341	0.7633174491864426
0.8189128242608222	0.769914656348914	0.7533190337511613
0.7145881317018767	0.7489575945726876	0.6796083027244696
0.7274908277907413	0.7641683663254463	0.8041413759635722
0.7476587250112599	0.8555359010399225	0.8027007867875979
0.8166130761703806	0.7728573982352572	0.6526022299291578
0.718009239330558	0.6707820846197845	0.8393121805214243
0.7081941346136044	0.752737845958264	0.7407779930065943
0.7856415865394586	0.6691168226556106	0.6827210415939204
0.7612286657580356	0.7344718073600757	0.7167181995353616
0.6872593257921573	0.7734693630431835	0.7394236309335278
0.789603108851809	0.7332985266404068	0.753251898429659
0.7946709004901599	0.7166187245536733	0.7559107337800992
0.7602102584195775	0.7312919414544262	0.752824778092438
0.723652865763935	0.806681655520219	0.763418149150102
0.7699279283960521	0.7685955433196814	0.8517275167126024
0.7737937655316103	0.7587989269495943	0.790375126829155
0.8083068908326427	0.7840202304906427	0.7588894772841541
0.8704574388814194	0.7817606328154012	0.7739703454466879
0.7997558117923056	0.8115292118971296	0.7587457440687081
0.8090457270661563	0.7311572646804331	0.8037449210000381
0.7645135712967873	0.7161402953080387	0.7710150043218065
0.7070723641686443	0.7857528057102863	0.6700793578454936
0.7076418547337882	0.7894118504528951	0.6872423523081609
0.6871479372885354	0.7719652113148163	0.8106587200299948
0.8029177452307069	0.8541980935535461	0.7713337770523538
0.7518612139998303	0.8157104287686523	0.7118101806211337
0.782227410190804	0.7090958578548908	0.7782052816087006
0.8577155620293746	0.7468140728399976	0.7731001346772532
0.6853707271441675	0.7222283585010998	0.7617983829018461
0.70991239820914	0.7872088628347366	0.7913131734387329
0.8111360889565746	0.7012495976446768	0.7854193446230564
0.7702405097087432	0.8260638927543478	0.7368874511223993
0.6357806933119988	0.7730022770486441	0.7372303175510592
0.7404164912399902	0.7112559924552108	0.7930614268962145
0.7692460185501707	0.7746633184715972	0.858788445740882
0.7377755372687831	0.7553884971980216	0.7824179131447506
0.7904273484010008	0.7879714537905569	0.7864076349995418
0.8204854733671897	0.7870805479305062	0.7053741890592663
0.8226348163728506	0.702784824689994	0.7531079608728595
0.8118850385952207	0.8130284834812183	0.8697437372007755
0.7774194094629242	0.7720984526643463	0.7230780714180205
0.7470668098951837	0.7418519688092233	0.8276731462645553
0.7991476422952946	0.7420375358584201	0.7802086074980712
0.7679749337278975	0.6802416275986929	0.77398406351678
0.7629514012801905	0.7862328871130461	0.8772780786012038
0.7828144144835918	0.7681495614275529	0.7924517191027589
0.8033471815214065	0.745264873531584	0.8241404312236217
0.8294833652307471	0.7253511075771691	0.6704810254283634
0.8201927283647503	0.7787684269854509	0.7772046001805367
0.8731986376390675	0.800561541478149	0.7232024748576109
0.7310789066338202	0.8057183820169272	0.8289827477949294
0.8252664555065398	0.8297635769382496	0.7426505582967505
0.7544444434311627	0.8359881721624844	0.8151456182383897
0.7757695301640052	0.787154859337197	0.7637226934733339
0.740788800942093	0.7954399608192888	0.8774735832448677
0.7761244904497345	0.8614039802712037	0.8244512323136424
0.762410327710818	0.838359604646045	0.8594240096963437
0.8324302182903804	0.787869363928159	0.8720997072570831
0.773400403233604	0.7766563562254454	0.8078528017121852
0.6960378174973717	0.8526852020105755	0.8198763490725338
0.8537175361399261	0.8859819254267807	0.731368673347509
0.8276767405743928	0.814198512857177	0.6802373673931138
0.7134653519531761	0.7952019059008736	0.8837840240009216
0.7788678617301462	0.8400778003428209	0.7948309246823279
0.8130583941110799	0.8612151892199407	0.7350618757608605
0.8108222232885899	0.7909277906528969	0.7104995532392686
0.8870778722578971	0.7892384798447546	0.772300238799113
0.7712295570711519	0.7955638967273003	0.7924180656627142
0.8313596148429815	0.7812088262330744	0.8315875838505543
0.8998503661801589	0.7825122048086846	0.8163282628359602
0.8419285073084662	0.767103089018304	0.8418054375368763
0.847338152184904	0.8536119973034106	0.9251075313440872
0.8613700112268972	0.8731509298514809	0.7613561403632569
0.763296601124978	0.677172878325464	0.7849919500778733
0.8728559207665518	0.8230404280096653	0.8543083520917225
0.8293369393976278	0.7117587895541873	0.7973575869644322
0.8379979999415663	0.8561625246837574	0.7494923846552175
0.7818049232155146	0.879012629027029	0.8089377117172178
0.9072669024750613	0.7772591575719388	0.8676153932215742
0.7664206238196444	0.8738566900279336	0.8004578020857716
0.8784531410768279	0.8316323498632322	0.8373147452728448
0.8903325354831187	0.7947784595809043	0.8276754518564913
0.8280380130833875	0.82683495568799	0.8401503984974439
0.814067755591126	0.9296173691361309	0.7994048848799056
0.8252555045796178	0.8626767277611914	0.9428199115606084
0.8704177214437053	0.8046173260152575	0.8090427544967508
0.8388975681635394	0.9016625477223219	0.8691245966465634
0.8324937893727204	0.7569167367235616	0.8867927615706689
0.7952023343335539	0.8331301985656581	0.7466842663634655
0.8401977638519006	0.9521292862031729	0.8791597077888323
0.8123150487174948	0.8351813690901561	0.7337477490945697
0.77956389370463	0.7959574734586564	0.844939716458572
0.7290660689950856	0.8357389119779743	0.7613747613632719
0.8115380230741382	0.8257488929662141	0.8367779817103319
0.9567870583162676	0.7719872793751537	0.7904195860221578
0.8728208752560799	0.9019049861633751	0.7998438727080421
0.754636322071642	0.7975603879477976	0.8884389978677529
0.8282865465356981	0.8743145886023156	0.8862829925652433
0.8282600484619826	0.7264763352512127	0.8163055636103405
0.7364838357039096	0.8770646112982078	0.8419416040374302
0.9138838922251538	0.7073890194339654	0.8135063105584095
0.8392117050066363	0.8813259046899875	0.8533313490625762
0.7537125540089936	0.7909124292772968	0.8921552454761568
0.8456593191582218	0.8504701101063263	0.7865954901629286
0.9087171239936204	0.8033189474883711	0.9741830490509417
0.7886697126701405	0.9196828923758684	0.8687275001518124
0.7861097864621496	0.8429130640144167	0.8344463050757744
0.9255714723809172	0.8091083235555857	0.8246494233595305
0.7991580754277818	0.8295160873473185	0.7923325490787972
0.9348821388171777	0.9878431380503521	0.8221715601228404
0.8564709937712721	0.7996607604529962	0.951883097778675
0.8551234545646765	0.8279915721249227	0.8170471927569446
0.7827674354900673	0.8157861905948781	0.8516179319390563
0.8361054359685243	0.8813597068072	0.8341371966698549
0.8231244165205549	0.8882249806928914	0.8039242544795097
0.8824920793749377	0.8349889751387005	0.8409647288513664
0.9205125793476286	0.9084879914478614	0.9282527715325184
0.896598116580136	0.7661617687826482	0.7992908689147413
0.9385312989018456	0.7974066924715104	0.8575585452592278
0.86594397638853	0.7922909686095007	0.939412461550424
0.8043960598133147	0.9075853106586659	0.8850498949478202
0.9497980477893894	0.8374443524052799	0.8956485915789789
0.9050640789346223	0.7612047338172232	0.869818023782821
0.8976384132164156	0.8482777356957617	0.944396484023913
0.9373146976878565	0.7553524844220538	0.8776345741299527
0.8770181546029027	0.7925186239601252	0.7853717628910823
0.8690955369594506	0.8587888263828396	0.8725302874784169
0.858350651835693	0.8316773940940285	0.8323195941086992
0.9115549435032615	0.811438042286087	0.8523324760030541
0.8988386091825941	0.8306580249512489	1.0
0.8563951768062478	0.8451493878701807	0.8411722213133729
0.8750729692540085	0.8072852165339572	0.820789379318201
0.8134084340889485	0.9013246460026056	0.8962656386523632
0.8718214097291287	0.8342139678792174	0.825636479543071
0.8410088787257913	0.902162676825806	0.8832408794725354
0.9531240751413541	0.8929071377182666	0.8235733810148979
0.8269135614807446	0.8605217712658126	0.8904659103987766
0.9019106005708509	0.8462801865672837	0.9193398605553111
0.9528524192274066	0.8259211769275915	0.9131748766506206
0.9552892789663733	0.8698774407023827	0.9311125307379252
0.855860581572836	0.8891988884307616	0.8126386974822389
0.9171934416066905	0.9542399255403348	0.9044561028804593
0.7862682095677936	0.9152034075035897	0.8299624325978644
0.8408543993222741	1.0	0.8404231091036812
0.8813738787680018	0.8540779372325782	0.9290682189834738
0.9108348294048733	0.860076190058103	0.918059038454049
0.9346749981548109	0.8133629701250108	0.9956997100812601
0.9475417762133417	0.9456669780764333	0.8166999550843824
0.8852370147303604	0.8776276590145637	0.7824386467186589
0.8692882956382987	0.9398351434539631	0.9826501456569259
0.9027781048839748	1.0	0.8498295000555145
0.8708149357702083	0.9447318315170802	0.9293408886308184
0.9971404464073567	0.836054734641283	0.8959888599554219
0.9145831002941666	0.8197234384107073	0.8670103698938226
0.8466056120211345	0.862672922420696	0.947554260903764
0.8843749437589924	0.8792095967779251	0.8899089548159028
0.8604816850916397	0.9345445840173956	0.9237149815031069
0.9710258260087428	0.8411036827272047	0.8336687257957903
0.9138370446315923	0.963601519986359	0.8647076753819914
0.9402244221831669	0.9354760976795679	0.894693177738219
0.9611527580181256	0.8385001906405561	0.9534326037278236
0.8343225677823695	0.981742927811138	0.8860201901687358
0.8320984860632252	0.8919326099963136	0.9630709930228414
0.9592912999405848	0.9494411287765732	0.8701853317059136
0.9106215453972274	0.9214684328168484	0.9190991431285622
0.9299481228685367	0.9032927053292317	0.940987201798722
0.8830101108371398	0.8026655654720571	0.915626557645906
0.9364397278360456	0.8696853416655208	0.8221991333874605
0.8362432400151805	0.8415629568628176	0.8659436495390073
0.9658549698720217	1.0	0.8808635031909621
0.942691260140947	0.9208364790877918	0.8815666477071857
0.9839622110311363	0.9269326729062392	0.9369396700956611
0.9275437435204392	0.8981836799073804	0.9329765585571791
0.9447433496690847	0.8698227749722457	0.8875885720251248
0.9187654183317248	0.9227556047559506	0.8897474532691374
0.8874719439103386	1.0	0.8837862100874423
0.8788078409934116	0.9086704663866187	0.9569085427188613
0.8333987977557493	0.9081261019428456	0.8618248570866506
0.8757115143998084	0.9484065314703252	0.9291567950188017
0.8647737310821194	0.9311858201760606	0.9018280238622698
0.9094683653017785	0.9182488790115151	0.9534873443580052
0.8730635707150005	0.8679069881571815	0.9197188121875204
0.9076932366532346	0.9112952804381758	0.9385234074626773
0.8497820623866277	0.8771529083108858	0.9636352980606425
0.9345686948549612	0.8953033005865733	0.9830378425073167
0.9691156162532618	0.9850434483135075	0.9037681421382074
0.8570667806810457	0.9503125807607257	0.8787519287266381
0.8865395405726306	0.9055973172098556	0.864878800659551
0.9769910157960185	0.9853342232265545	0.9295853392610435
0.9322449824784614	0.9573544625518109	0.9306251176278278
0.7683826202758899	1.0	0.9708959119017948
1.0	0.9202186839446961	0.9544553057130473
0.8315086401720326	0.9049449296492875	0.8962246656839724
0.9667355061677289	0.9584148000296023	0.884257869261985
1.0	0.845206853149602	0.9663148924939254
0.8945487004327703	0.9160549855172784	1.0
0.9783075855056915	0.9237909488032673	0.867538179511337
0.9986696685916372	0.9904746000711553	1.0
0.9891485726513678	0.9658301554397953	0.9239263435935319
0.8792709761342672	0.9278222260087243	1.0
1.0	0.9859430250319051	0.9170998348768591
0.883102671328935	0.9974778431122059	0.8611439706550263
0.9512693111189362	0.9326993341462269	0.886058929441429
0.9610816948736859	0.8763342864357941	0.8635510656017873
0.9206917551076714	0.9239905554299859	0.9422814479407848
1.0	0.9371614851631792	0.9771414998961744
1.0	0.9587141266682164	0.9425104084555964
0.9579154307370983	1.0	0.9998124350363111
1.0	0.9719820004414429	0.9287217023702004
0.9776905019651764	0.8972362010480139	0.9611927968912287
0.9190130985098245	0.9330624324328123	0.9031156226093398
0.9615720922276977	1.0	0.8979919658512063
0.9556094544287572	1.0	0.9945130884187349
0.9717071481954951	0.9063698351550765	0.9785973837424218
0.9308692098574228	0.9468186024084936	0.9581790013193818
1.0	0.9888424670440481	0.8764537270618877
0.9136388624127391	0.9913991365439765	0.8884891793536054
0.905161469102994	0.9669568529502803	0.9553362806037623
0.9006672900863966	0.9909583624207574	0.9603834998959245
0.9370646501602229	0.995559366788353	0.9155239840122877
0.9692791061625989	1.0	0.8588761419989371
1.0	0.9390902323445371	0.9647971294749997
0.8995993591070018	0.961666382149215	0.9524700246629001
0.9810860922958162	1.0	1.0
0.9253742418111249	0.8653935027465404	0.96923798905954
1.0	0.9875212309627158	0.9786340288729957
0.9327618172953004	0.9754897254094907	0.9784016146912963
1.0	0.9935363974627304	0.9909044741048149
0.969577300896177	0.9119353776298568	1.0
1.0	1.0	1.0
0.9057838997977139	1.0	0.9689949841265361
1.0	0.9394039705788824	0.9327767421585784
0.9417157117534295	0.9484277829985455	0.949571543784464
0.9697299937594842	0.9972375047123212	0.9586652107279313
1.0	0.9547228789983081	0.9556457612430893
0.8734093014103693	0.9724801209980546	1.0
0.9510344534244825	1.0	0.934109478759289
1.0	0.9335218193169295	1.0
0.9761357880494165	0.9527501911428651	1.0
0.9395704813586496	0.9942479086542425	1.0
0.9527525710825082	0.8841303129350411	1.0
0.9312894041371086	1.0	0.9975491067482009
0.9226679716042896	0.9899757402282434	0.9371847105043423
0.9651011766951049	1.0	0.9499148917211283
0.9797766973240696	0.9383005955657663	1.0
0.9030625937107696	1.0	0.9961279759798611
1.0	1.0	1.0
1.0	1.0	1.0
1.0	1.0	0.9677145297255336
0.968673530772722	0.9715451780900847	1.0
1.0	0.9063334482786473	0.947083038884366
0.9970610702690486	0.9534021953406049	1.0
0.9270614745405213	0.9866206884666403	1.0
0.9871603784008426	1.0	1.0
1.0	0.9273649006391	0.9896481505397172
0.9694056800570686	0.9664156811248756	1.0
1.0	0.9847103548352223	1.0
1.0	0.9662918147695558	0.94497164965085
1.0	1.0	1.0
0.9787481455931223	0.9686411386649856	1.0
0.9673446155906363	1.0	1.0
