0.05449378936196562	0.13567214118724472	0.05
0.05	0.05	0.05587006442523723
0.05006522611845197	0.05	0.09814080171403554
0.05	0.05958752221083257	0.05112883128184391
0.05	0.05	0.05
0.09726114075811293	0.05	0.05
0.11182489710739797	0.06977847114193794	0.05050333969711065
0.05	0.05	0.05
0.10973131215201953	0.05	0.07588017410480923
0.12248654579361516	0.10576645016409526	0.0681415118797505
0.07162887778869223	0.07626838304361098	0.05
0.06190067117583365	0.05	0.05
0.09488153069770722	0.05	0.11896785326118425
0.0875923578418664	0.05	0.06344031172424237
0.05	0.05	0.07535777973619256
0.09027028594297207	0.0693139218228805	0.09728549078025717
0.20681777879185576	0.10448994428026323	0.09477204650169642
0.07358584249633271	0.09977552021139227	0.11390496106387377
0.05	0.11640796529101713	0.06775769360780545
0.16450232533480919	0.05	0.05
0.05	0.09577015436534277	0.05
0.07123798804155836	0.05	0.08559008431856187
0.1650905671896	0.05957406471659934	0.0633714165471593
0.05	0.05	0.0707922241708037
0.05	0.05	0.09802306911009671
0.05093094146457798	0.15439786952302956	0.057481178477225496
0.10484459160502267	0.09714651921981782	0.05
0.05	0.08881368953475377	0.05
0.12057909602643221	0.05	0.1263730801421964
0.05	0.11331678750170593	0.13786261306843986
0.1009687647722025	0.0575626138360613	0.12166436675250367
0.13204840937040715	0.16390802471045848	0.08027730873458974
0.05	0.05	0.06142765772524898
0.08981836097947353	0.05	0.05
0.05410512344280502	0.05035529362442826	0.08038394063801625
0.10895973395873783	0.10810036122859717	0.13835057803960787
0.054134486000786956	0.1735346080727443	0.07939956280535115
0.05	0.05357001840966834	0.06000521341932908
0.05	0.07147691953078857	0.08177621285325908
0.15751692822234442	0.05948896686058812	0.05
0.05	0.05	0.05
0.13796224326437073	0.05	0.05
0.05839642726587626	0.05	0.08735383550366112
0.05	0.1595275592819856	0.058957779779821536
0.05	0.15044112838281304	0.14182477441381175
0.05	0.16424898072348404	0.15914477055980247
0.1412618239265711	0.14001860585348005	0.14531685554598567
0.0903241676163096	0.1549866518295009	0.05345964822802607
0.10271344716795687	0.05	0.05
0.11751387416827161	0.10508220888622571	0.08030801736908404
0.05403252199755526	0.11234199326577951	0.11545707510837498
0.17174228182206716	0.13337889253527152	0.10163830844378957
0.05	0.10475539666308527	0.05
0.10226865463428879	0.0831351804636405	0.11747811667803928
0.05	0.1405415094842436	0.16721075522786208
0.09269823061038927	0.09457931800954966	0.15468061443244624
0.10893010625131756	0.11206539169679007	0.11560659910054136
0.1920700242572494	0.1073188452851947	0.18836711538555825
0.060423749439603776	0.055241581657694536	0.07961074215208998
0.2131429691519094	0.12414289830251603	0.16009970417979555
0.12375589337091909	0.08017208856426512	0.05600999577734081
0.1096626021813098	0.11758885482447341	0.12609598505906375
0.12801458707663016	0.13708033315243864	0.11173555261300434
0.10127465749142323	0.05355633694519648	0.05
0.051845640999790325	0.06363120924553625	0.2152904422146051
0.05	0.17423556650737632	0.1394782564136811
0.177117739303548	0.05	0.11395271409043686
0.058485007895087225	0.14092042387634757	0.11214482676459454
0.20258055875935882	0.11025655463864359	0.13475519699333
0.14355096845000806	0.05	0.1418882524544256
0.09143332554120878	0.09715504880611621	0.08579483695801009
0.19907401498641286	0.05	0.09248447082800254
0.05	0.10316140036509902	0.156650979027117
0.13718413000225985	0.07257568900651418	0.14592125506762763
0.09630802343852694	0.11822102816855623	0.056133401533638466
0.14627744781645752	0.06990434878375351	0.08057792727627915
0.08099626347001851	0.10314914807091555	0.05
0.07749453007969519	0.1347860900022866	0.2129798727911248
0.06470378387379544	0.07853034815712967	0.17895748928974925
0.08895379439844982	0.13218681008788954	0.2072869557429276
0.05511947691068876	0.17826490976225567	0.18603112885775994
0.12065210953653606	0.14059405499683272	0.10854733076797934
0.16371642468391429	0.2248305382730988	0.10781633841032501
0.1216722649735309	0.22567418328945393	0.1394745570698297
0.14257692289940593	0.09479420948662981	0.05
0.19695385993798709	0.08780420821558725	0.1663836875716087
0.05	0.1804201152644636	0.1496976090688838
0.10258932915275118	0.1451376616312341	0.15002952760854057
0.22164325494546205	0.16431661214393656	0.06052346262876093
0.09962371460011667	0.16132530332510667	0.0924325165720776
0.07658302280604216	0.05935557853951198	0.10866264390549074
0.13185321054700086	0.22227402553463316	0.25087180218926747
0.16385324014628286	0.18222921885391286	0.19227421570032896
0.09306792725398219	0.20503788163679204	0.11587384194400174
0.05	0.1283485371328454	0.22686359494951308
0.1316667002879873	0.05	0.14017216694922255
0.15071956299753317	0.09966284063549262	0.15225332963303895
0.10356993147249338	0.25578553438293183	0.1625112082982377
0.05	0.05	0.19532871880230873
0.1723310936904526	0.12665306839978788	0.1358236100244696
0.13102365827634907	0.2551494118627555	0.16523601222747727
0.21213252463272347	0.13561371513437065	0.13115044394106118
0.07439018744854038	0.19799348671164785	0.17269880877701144
0.11255135271955649	0.17085651990637002	0.11649637332721924
0.13805232295154296	0.22049921749996781	0.1479166232353642
0.14766079444654745	0.10517311856660162	0.20867804707667978
0.18993843198165497	0.11241112736138195	0.23171326512460538
0.2056410742969063	0.21253226925355836	0.0726096114764342
0.18690379213461258	0.17956353292597807	0.11620979603702156
0.1338649590035902	0.12528361318635786	0.1865851638191084
0.05925316064142455	0.1570548897960327	0.1275633930992192
0.10970985323055854	0.11696937034075915	0.10020003512330114
0.16498104526708127	0.20325230117961385	0.10207177262943232
0.15108426637024028	0.13232031386285	0.2503716050032756
0.15532127865848355	0.09014827660808655	0.19998213107655333
0.052444955302299784	0.09515608691205286	0.20376712280738124
0.14404551355442002	0.24041819343763238	0.20279958998046027
0.15196133793314837	0.15698247350887243	0.07268355633906415
0.20804026973110942	0.12423784072331234	0.14300512311473756
0.18214425537684953	0.1261199436657961	0.07920386073977467
0.23801615935841258	0.15711715244801272	0.12466147110384104
0.08730233572422232	0.12172330227190854	0.2580806671311155
0.15901527093550238	0.1509708297543045	0.13881980329130936
0.1363911580438908	0.2523094642035524	0.20710210015976246
0.1747527115569944	0.18717061458208806	0.2568095199466886
0.3632117517479956	0.15797770554562915	0.2703242832274301
0.2326714596476275	0.12365333836209809	0.209872106490358
0.22095912200703344	0.28896457808156756	0.24578080030175317
0.18483650623324568	0.21453950621720702	0.18809624908289402
0.11507817899451386	0.253807943744605	0.22715724289323236
0.15501814899109387	0.11776207077097878	0.17424501334503772
0.1959729139869225	0.09605644261297952	0.1478012489446377
0.1456690566226472	0.27531752767207607	0.14807712003469534
0.2820883138949894	0.22952405053213065	0.11778199805608586
0.16485013105559146	0.22748536832974975	0.17079015290630445
0.24308638022425044	0.16878270873458748	0.21535951200438205
0.09460902876837181	0.1461544317220731	0.19643225265738798
0.22599591747226266	0.15216372896832597	0.12624652121743019
0.21235561911841538	0.1931312680977139	0.21930842533793282
0.18730137027989463	0.18397937891816832	0.2539564300604551
0.19062999907981548	0.21139265866344537	0.10506518226207055
0.2104337044597771	0.21315843490210645	0.2070179266471696
0.24637849854224686	0.2475691429319153	0.24068326266128542
0.1632970086524867	0.19688596405700437	0.1399927029237399
0.13743929833289437	0.09170667458086353	0.23930201818400537
0.1133523088203359	0.23352097762150933	0.13687466925519157
0.21288982010615515	0.1772521728817942	0.09540759128637116
0.1496282353963213	0.2486278782624991	0.2170887221706192
0.18174039456190985	0.2103486406481502	0.18910394780881493
0.2539739224678939	0.24328216951909507	0.21610463653323428
0.20492278162453126	0.23986281783507105	0.2727873759614467
0.18390331825541437	0.18098507309869594	0.16636026647838362
0.12565105026862866	0.24987186508859036	0.17933533565860013
0.15090264130823447	0.10229896401736811	0.11608232952413702
0.19791085593702012	0.22219205910810488	0.24770794187884815
0.20680799093422314	0.1642753828649211	0.19848757410917234
0.15804335602735395	0.2771541199854449	0.3387771386777465
0.17829052775559087	0.16374085185531806	0.18198455147545778
0.18400027750894174	0.19614617179409571	0.17064278165786761
0.23294585030187154	0.20062206298440532	0.17232748994661565
0.2546628275991182	0.2119809801651603	0.27285252390323084
0.2737086233376135	0.16652735066151214	0.2563723194357751
0.24557123580453494	0.19002412237292393	0.2910741307469708
0.1808286234289222	0.13741992060038924	0.21159294681962035
0.18207168323275064	0.30378582180981684	0.22472889615111263
0.17153193541644063	0.14152941456141144	0.28697725558547404
0.19374275775995117	0.21951123886848872	0.2580829482878526
0.18739161271953608	0.19964997456809758	0.15831639387146468
0.3288537451306285	0.16187121227081958	0.11859244328087247
0.2423790064977843	0.16132584125789456	0.25620648087554804
0.1454592871938104	0.1656299514262995	0.27994619489896644
0.18842974990691125	0.260768139336915	0.3016215447457163
0.18617269888387286	0.23912372620776412	0.22714590922365105
0.17837063561637517	0.24244933173679795	0.2246521542540381
0.11360794577424956	0.12932574605490949	0.24126794568652904
0.2265717550482399	0.15986844955452012	0.2566369844096764
0.19343268154560256	0.26620970080562006	0.2819825014048663
0.22942385624140968	0.2886915322132063	0.18030748916991865
0.16873507229297025	0.2733006709570019	0.2556031777608733
0.2655632807433051	0.24466686896638648	0.27980138489176354
0.161593057554701	0.24013129841865186	0.2552212392913944
0.1335434305744676	0.13870433779984453	0.27074488794076507
0.22226047207899902	0.18626627851592	0.21915915742383085
0.18411332700777078	0.23852640366317804	0.224175375482643
0.2053080482039492	0.31027769815360295	0.2138765081603175
0.24544317877406063	0.26007106271379593	0.20298506394490118
0.17860711085811865	0.18267431710299448	0.27091473045323217
0.2560583081727389	0.1889837079955197	0.22233086611154676
0.16377003574222165	0.17524972663905417	0.20807283100790974
0.16482007540796037	0.1982317392936591	0.2599797540766921
0.20415658608843412	0.20879419090655385	0.25199159979013847
0.18795787630937036	0.2834191493443749	0.1823018089371223
0.2341995581659958	0.15923244727385072	0.29012238945621016
0.2979602364141134	0.29838809819761775	0.23717527650983575
0.23581666462980586	0.19995727142051933	0.22439247260805967
0.23941416369036295	0.2559522493980498	0.2598901392041263
0.20332896205931764	0.309797696729286	0.2222252686506877
0.2749570176721277	0.2470878109480738	0.1618506764378707
0.20753103479580112	0.15592504118975625	0.21099625404959024
0.21091281986757004	0.2605524361524325	0.33949448975607066
0.22923748694679044	0.24504716251808273	0.246342880656944
0.31534816444481256	0.20243073190140898	0.2114265951503286
0.19277446651274252	0.3410624880968328	0.23045468371439293
0.19873281756816893	0.21401218216878617	0.23955158269904642
0.34727849370627284	0.3169453902754404	0.23297952633583804
0.22380754002648487	0.26860226790224384	0.1476650871408633
0.27519552171173217	0.26254172470064185	0.19379715061950079
0.2942944873510353	0.29526655781736644	0.23585427704621426
0.24739277122955236	0.16802664249737903	0.25382880854984313
0.23870862352233393	0.2240065914274731	0.3467816914485153
0.21886846443360308	0.37556844752243235	0.32531436526418833
0.2521539499656294	0.2020777703640358	0.2292756158483562
0.29134857160185584	0.18488622612313757	0.35914782741761836
0.23214770563278975	0.23884244104195707	0.27538608164951256
0.25618200893842835	0.3408049834987726	0.3605858539664519
0.2329097597311228	0.20442800087763166	0.2935495638636598
0.1925620773651308	0.2663826041526537	0.25277289190140656
0.27707673959663903	0.25582892501779464	0.21647099122553365
0.18219316154861226	0.3259152255035245	0.2443960340126614
0.19806914933234002	0.2611631252251861	0.27177625197971916
0.27870740525497745	0.27528758115857005	0.32445535612391274
0.3338629254310449	0.21447762225077438	0.23308678366366326
0.2444054273292865	0.3573867074997687	0.2359453797393754
0.3134354131138378	0.23317867331737457	0.23817375611966357
0.2957739827450774	0.2500416478180526	0.19096125152906554
0.2260534812247254	0.3327148419776793	0.329650711614071
0.2795872247225905	0.20308952359118318	0.2798609124814519
0.22669581754161042	0.34980037800012165	0.3364273069567405
0.2670885121127526	0.2991179392824672	0.24007351176567512
0.3041413950420326	0.31079601503705123	0.3007043787133824
0.3089301811460831	0.26949953145323796	0.23552092554906562
0.25215120565905863	0.28008839130359064	0.24781149006284403
0.2786330299256207	0.2871290671941853	0.3099906022388802
0.31588818301229293	0.26334542586498505	0.24998795840658067
0.2701007359433123	0.1962827134821007	0.27965648262507214
0.24776176992597085	0.30533929236326407	0.3220518219763135
0.314020540161814	0.3049311389762964	0.28905564495310926
0.29488510837648974	0.2909768777610561	0.2769507545234912
0.16350727580466629	0.2222820410658124	0.3016307230203953
0.23427958129003873	0.295685608390952	0.28884763302264715
0.3235093623052522	0.2644311150134622	0.3730681046915719
0.2822733596025376	0.19606426686140416	0.29193514813856203
0.387380615964593	0.2529028167569977	0.33775160093695905
0.29558077263304433	0.2764810971827108	0.35441673323694795
0.30720297369484817	0.3587666567941712	0.2329199424004909
0.29875217927307474	0.2603202887978657	0.2615261941349571
0.2745738248355446	0.2712728915855665	0.3018497655065901
0.2687163194279021	0.24972677338006283	0.2309854056851024
0.3504426502571362	0.2898247312251749	0.3475617151259166
0.27728332432555647	0.25123335050264145	0.35406447828871307
0.24846962376636372	0.33185348001829884	0.36016977120223836
0.21384655325653742	0.3252862677613496	0.29690293191838135
0.23379506912393827	0.27749803305519294	0.2830926276659867
0.29940161114583214	0.30476109030125687	0.2882745691857579
0.35409806771989283	0.32659156297308756	0.2924069397463385
0.16035396336542238	0.2659713937537473	0.31629654733235557
0.3197261597376833	0.2684509313150832	0.3039621912533026
0.3564759737928003	0.31106448219835786	0.1995800576373099
0.2719093036119494	0.29086049048683377	0.27331908468034904
0.25468196377833213	0.3368428387105091	0.24369296405996088
0.28957135203153034	0.2885336041150448	0.27262254884
0.2870303978392188	0.3652960508235991	0.3161716111261314
0.26614906717077996	0.26771785934304465	0.23719307811800985
0.3064857142727616	0.24733311050770918	0.3278015939496343
0.2556774315154731	0.3955503252033252	0.22392624570772063
0.3378060072511557	0.2890380302241683	0.329574596973466
0.3685144299875641	0.4164390960069899	0.35815591493306603
0.27055606390602044	0.31876814290432887	0.30580282571765394
0.33324624119103735	0.23868500390604314	0.3493085638090406
0.3700520596988997	0.3465453554657534	0.31318394973471364
0.29190939179584285	0.29403310689531603	0.3800583147791297
0.21479796507912163	0.299476597054698	0.4102056968907094
0.22223171328579883	0.2822025387608496	0.3280890168053024
0.3421600450803445	0.29828094522110904	0.14825346540217257
0.37810954237396216	0.34428825465457497	0.3248785893246394
0.21887660884825616	0.27409833058958505	0.353888833355396
0.3530150760457412	0.3313323496329646	0.3070828522524089
0.3207751531680342	0.29761732694807186	0.28971540509819493
0.2866482702604168	0.24952632849918377	0.34126053401738127
0.27161132602295446	0.2827735788729684	0.35611746278115486
0.20882419396974	0.32689835326794425	0.3645429267653844
0.2996234231476613	0.4259197058099114	0.4154031355273495
0.3589239424295786	0.2676700722030152	0.365164700368325
0.35524024278555427	0.3698989845516713	0.23825938564381804
0.3108983622275847	0.3480112680794507	0.3206848304018941
0.3804749461063275	0.32250238776555823	0.3440238866221003
0.31763895986640756	0.31573063609623303	0.28604558936692476
0.28039123999405435	0.30607928415606095	0.3798668736384114
0.32697052019625644	0.3010077063217224	0.33704985166717816
0.32716823785402865	0.2714062705546584	0.44256210669039026
0.3196404646931298	0.2222288238755648	0.28454088903050573
0.3376607633319766	0.2706654480585838	0.26106472578756096
0.3364736324108587	0.35971789212881866	0.2772813993208971
0.2914520983579721	0.3791535142427655	0.24627003757878202
0.4144159704275126	0.3869274192038361	0.2852454301249404
0.25069808862903187	0.2909668055521726	0.3569314402245256
0.4372307506518587	0.3615504545063458	0.27987850592612007
0.2669231427978027	0.23974180039789478	0.3730817665702395
0.3065967445975617	0.42442211238024896	0.2923087642742288
0.3028090016071377	0.32433817882689653	0.31713972343951746
0.3593388720719277	0.3398354752274761	0.4286452402334372
0.2855084170288523	0.3284952743577488	0.28796192603523907
0.37428153959543153	0.38403533834092596	0.3165301653846188
0.3828167586046852	0.3207796629190498	0.3336809111567373
0.3786573655888008	0.39246548010507015	0.31929968777417667
0.42523831252380195	0.34846247969804983	0.4232955430192422
0.3561017504238368	0.4147267389687246	0.3147224317808015
0.2977728181982076	0.3705678353570641	0.3129902529598333
0.3962250896956587	0.3565464758482522	0.33196226225442144
0.3125411397763553	0.34110132506333307	0.3329827630727509
0.38473607161566903	0.30323876874392275	0.2951656273909249
0.27907304592636806	0.30812998510886963	0.3545615432900717
0.3438388012190499	0.33326911910263163	0.4335080126729453
0.28086948155948116	0.42224354315456136	0.3768925388841039
0.29046460024031223	0.24948276518993787	0.27707125184420883
0.38080620104425555	0.32556197168383816	0.3364865875003832
0.26416180257858346	0.3879420052890802	0.31085219992182256
0.37104995537448204	0.3592556055457099	0.42950621861476085
0.3384146895698216	0.34602757398413864	0.3556156832236144
0.3405455614854394	0.4043680101495012	0.36860141121832063
0.38547941563837046	0.4126271425589523	0.37705584838994616
0.30860871694373765	0.3193009115534332	0.3202666781401296
0.3653398859139341	0.3078938809606845	0.4302628040027229
0.3320539195232813	0.3166006136171216	0.30449465366198947
0.4303419885768345	0.3311260762221524	0.40001479320057765
0.4389949018583671	0.361689235326791	0.3719426667312568
0.3466595129116182	0.3051404575716337	0.3761964694959462
0.2921936952085936	0.3165512066233196	0.33263797095726033
0.28632282275775767	0.3531512716881996	0.3613635883110022
0.2900670677770367	0.4113533173421685	0.3203970923841586
0.34578494551476024	0.4121506790449909	0.4313044562238361
0.21786933695734453	0.37889879753626265	0.3797742962242557
0.3762025468780151	0.4471770105271376	0.44517128052176147
0.3877385015780611	0.3839887330482385	0.3959522298371775
0.4136954015426797	0.40162762517527784	0.4590981749489765
0.44400314061753254	0.43032275112667384	0.3785661825902925
0.36861472056546524	0.39406853294892835	0.38473587155260097
0.36881787484933987	0.40417959829151073	0.38809500500575816
0.38162077378003517	0.3221170517953325	0.405484703133548
0.42897574934685057	0.38304072003846784	0.33417653934523694
0.3830646422191761	0.4102271477785518	0.3121314894642942
0.36668218110276424	0.3932883671463899	0.41553942316277637
0.3178229269253696	0.419953669375817	0.32255393369379803
0.4464622483431717	0.3079521821863755	0.4347554067097724
0.36657887398645084	0.4078777311073847	0.364131467455227
0.5033400887670586	0.3043120583667032	0.39302493239941316
0.4093217287043787	0.37005974815295345	0.4521340510638557
0.4610132118164151	0.42113622719611066	0.36467299376931217
0.33256386832061113	0.3420688460826424	0.297117368531962
0.35732002500525206	0.3261824145499733	0.340568566562774
0.3770154510527536	0.3499275457711783	0.38870844626211304
0.40430993583837294	0.3935193886451108	0.3250192627600525
0.3641070147595089	0.3722072909386082	0.38203351487016063
0.47635152813898085	0.4670605653559452	0.4379274021593086
0.40658591753557055	0.4168401189706562	0.4323830159611753
0.33702215669567315	0.3128045326560498	0.4154469977818905
0.39526092911263466	0.34820967863830854	0.42042561304339937
0.3637247442068557	0.39312368176823026	0.3885906282704011
0.4568121161141939	0.4006647995823121	0.34613177884171664
0.42165333549040696	0.3053924420951774	0.35716107907844635
0.3834298201499774	0.33329239411538125	0.49295890102958084
0.3341456476049913	0.47824254539532246	0.4156867160429212
0.4389139721804721	0.5258030081769957	0.36987948048519914
0.484311050364637	0.4249290486797871	0.3600991047485713
0.42052106655548954	0.360303051800715	0.42837824229197236
0.3966933856933482	0.3639324881660385	0.4257370917277747
0.44660725809952606	0.39203324811697066	0.45640737951978283
0.37658980021306593	0.3708969537797995	0.38309758778007075
0.4022383614946253	0.3332124374562764	0.39710873491249044
0.40966409494558315	0.31653792086561394	0.40393986275305066
0.43388994502212236	0.37943099549694786	0.4641879165537691
0.4277385183994566	0.46920635448787074	0.3574908633262484
0.4807417695582677	0.42683089781977807	0.314121691508499
0.353191564093111	0.4037259487730517	0.41643365325010423
0.46751653783087926	0.33898777035073624	0.431465383787412
0.44723717817499437	0.4180198437498417	0.4080350847954651
0.46357890999871687	0.4267438872291278	0.2847442529881758
0.47446183807696873	0.48485704781270184	0.3834184178985305
0.372510342252861	0.34060851323583674	0.4338189639421876
0.44306597954703414	0.4147529895852972	0.4251410314643268
0.44311284138764634	0.4054282518085019	0.4517479363084431
0.4925582440887395	0.4121717493062801	0.38871119613897887
0.37168121322998426	0.4684635088326701	0.40432053671937435
0.32106984742958844	0.3983809063905106	0.3388872406766104
0.4169352616223912	0.46894254944388913	0.3800000116196738
0.49200040204694245	0.35121889736147927	0.3919124443084626
0.40881619279690146	0.42162552765569156	0.44570591635416823
0.3666239301196772	0.3589135829121731	0.42936814184529526
0.3993010603347353	0.4179300545609685	0.4520880394487206
0.3997315126575127	0.38661557549543113	0.5070867756582866
0.4016338775884977	0.43005287694017225	0.32953103546903384
0.4779717996480752	0.4009528830186322	0.39334322731754084
0.36550248535182495	0.506681427682892	0.5051153834118853
0.42624316802599815	0.5326447602141022	0.5368024269879736
0.4378566945269465	0.31223235193472926	0.4552934077674434
0.44561841092821536	0.45163550310767014	0.45320652239065384
0.5316434916632804	0.45764233335904797	0.3815351219485416
0.42959796301020586	0.44719040462136167	0.4137308439599799
0.3394915038337365	0.4630978509417994	0.44242780321686015
0.4332561312809766	0.4938244484390919	0.4169228873148637
0.4036304975717465	0.46982648699896085	0.3568101904666458
0.5222505289029225	0.3767620778307263	0.4206280173825406
0.41742257496344887	0.4278359451249348	0.40025305685918305
0.5032615078757634	0.3900049677326145	0.4569220612413203
0.3470158363719278	0.44559892242806004	0.4104080509820105
0.3717080490174213	0.37608358270891706	0.5759538264090481
0.5147799282912184	0.46718134706016134	0.4184519991149894
0.46337132021439875	0.3931644618743488	0.44313249130154686
0.47787541752686874	0.4824101363223014	0.47651728556465306
0.4306353134205465	0.4467112190548385	0.416662534140061
0.42165135723335717	0.4280117032242841	0.5138190313633698
0.39658353725162115	0.3552920587352792	0.43264788754655953
0.4354754200622525	0.43569995541122325	0.43322731204648846
0.4286987772581605	0.46293088456878523	0.48100494090763
0.46657776676242085	0.4606437457631547	0.42417462969081465
0.46503339714008707	0.3489218749063441	0.42832230872823707
0.5865380029413498	0.4059418880010648	0.4529574784422182
0.38242021547634886	0.4844551716616501	0.5122809061756998
0.3818718116189124	0.39436231763510377	0.41956013138450016
0.43665811090406453	0.4228797996612571	0.3319793266715235
0.40432288692155616	0.5116989771418623	0.4451221938431328
0.3764969152844031	0.4059320103149293	0.43675286000054614
0.4117925910973052	0.4800085551647776	0.4124284231014176
0.4504493053532214	0.3676025674304846	0.41831414418421176
0.4652049014176083	0.447673174458341	0.5072622608677871
0.43377020707168434	0.4573878991663332	0.405740785595632
0.4376788765195612	0.4623495293945279	0.4725227153964598
0.508946534986293	0.38205228367122046	0.4762013078222117
0.5127217729986597	0.5028959011900688	0.4262059489727653
0.5051221487430431	0.39645736676209703	0.5079851770107597
0.44956629173505924	0.4539106165564211	0.5637191027095365
0.5025313719679005	0.4260537451287072	0.4927877092020271
0.4669250090788643	0.44818612020230286	0.5255807874287244
0.5233758463094643	0.4635444305920359	0.37341040182324153
0.503413787997268	0.4602047853629172	0.40395357679058913
0.4412135580178219	0.38221964821028087	0.41942651871447145
0.49132220327711373	0.42536954934572974	0.5657179563604523
0.46708735063115764	0.4672071192628469	0.4395842792854512
0.4993939970341353	0.4283800611286479	0.4322558564901603
0.5444177381511632	0.518592963247336	0.49368652095850607
0.49859219052300946	0.4492379837609289	0.4725626139528983
0.45949463004592134	0.4320325411399558	0.4395474670817316
0.4817540282207834	0.4329733245813627	0.385677985678955
0.5065106402753514	0.4689783372783515	0.4142558528876197
0.40764798156311355	0.4254906216068347	0.4976929799303668
0.4852041366946294	0.5023900697910798	0.43968607444125485
0.49349478960675675	0.5828808034091624	0.449313681916572
0.4439702894742682	0.44377905717305133	0.5228457460805723
0.48250115997084425	0.5411980436969605	0.45862917576751994
0.5219214025884371	0.48061832478067085	0.48443226900056136
0.4931419109301025	0.5056059615235253	0.49190741384862924
0.47665717100142063	0.5456831393893282	0.4915293746754496
0.38688400750308793	0.5954931914231028	0.47344074603112024
0.43837401697463785	0.4682926826315373	0.3862959883352137
0.5014870579517708	0.46125364154255055	0.5534414725777546
0.49381465220947135	0.5132404297630154	0.5094949495948831
0.4371083124401828	0.4529432628920548	0.428403637549221
0.5025586893799499	0.561992118867061	0.4321165745772925
0.46112752882773267	0.440041443011641	0.40092015758492855
0.48098484475111536	0.46361434475509555	0.5315053757736157
0.5023901359806493	0.5024171684051834	0.47460061390636954
0.5594293842589685	0.4449531483880484	0.4571632127945369
0.5090141243898099	0.5252252271883877	0.527204847148177
0.4422428029107158	0.43392888934037616	0.490256914117231
0.44800707502953063	0.3479947853038823	0.5075098558313456
0.4296658766375924	0.4734200246406691	0.4381981156500224
0.5507951728191383	0.517537394909414	0.5923369261440973
0.5155151725091417	0.5688674683388217	0.4919724302492343
0.45258801940497034	0.5275486286236999	0.5324084774243751
0.4044283941392125	0.45608061775641373	0.47093454909102983
0.5252503092797632	0.5355924895189833	0.49618802755102537
0.44391067393136013	0.46835589327592736	0.4695847317314896
0.5421304974084494	0.47769388952810315	0.580268089473478
0.48206059311645716	0.5068053442125099	0.5377456055701044
0.4498477784211585	0.4622520435985899	0.5970634276226097
0.4351648995868982	0.49385623015299096	0.5647604960953759
0.4740985479983113	0.46120019653589905	0.3967910406461471
0.5378894584278575	0.5069607754171374	0.5458848619839405
0.518054180713284	0.5623670607617678	0.49674401762869763
0.510605346362271	0.4988144891621487	0.43804612683911115
0.4514111045193769	0.40184021438068507	0.5230725602868432
0.5042043834620449	0.4819423415431745	0.49313874247435496
0.5085963040439606	0.4882286256288353	0.6155099582028234
0.5484298341530395	0.5895639741523234	0.4996770284539385
0.4940068620505269	0.5385308233421212	0.51500068486096
0.47702501066463715	0.4381457542077414	0.49234384593909974
0.46116385032251406	0.5169566420910723	0.5072092576976649
0.5119554637189606	0.6059115630445696	0.47604767187348174
0.5478292254562157	0.5011234627318053	0.43477240209797163
0.5589142441326862	0.5455579276541128	0.4771112638013856
0.5537722969189338	0.449663413012116	0.5244476747183208
0.5380681822080778	0.5408883816414033	0.4451779352160208
0.5569080910163283	0.5680093125721124	0.5205618955176063
0.5966176321036872	0.528714556466762	0.5366457618447928
0.5140187231157266	0.5933384937110507	0.5421237240382433
0.4564402801754622	0.4902197171213344	0.4734570843554339
0.4400423018278492	0.5523537967046438	0.5085717235635716
0.6032922223981732	0.5227161238028887	0.45540114411220245
0.5922523413058591	0.5456509776150157	0.5623947420275582
0.5453308441282257	0.4704246060177931	0.5403088437610084
0.5091973651423437	0.49730493740546977	0.5086948751213259
0.56121950470047	0.46788982107953836	0.4851466476198817
0.6582836225387996	0.5920943743314397	0.4893791776048948
0.4997906271875207	0.45771507547244206	0.5272950221292743
0.580548048828611	0.47516954234859815	0.5147401476740958
0.619240912150197	0.6189614890678052	0.550903406717575
0.5116392428114368	0.5734229637172429	0.4944335039563179
0.4811065789294232	0.5126501605862717	0.6671129007441683
0.5364846692465557	0.5117153489862437	0.4855981169975528
0.6276328178429523	0.4554039850914029	0.539002261526897
0.5887010852270217	0.5437179838125932	0.5302055999662745
0.4672356259350737	0.6493170736586863	0.5752061997490079
0.4977469856572956	0.568666398170391	0.5708708392118408
0.5623863322565157	0.44674264288540405	0.526356513669515
0.5177422073796121	0.5561283924557493	0.5107321617476843
0.6379697246234894	0.6741203196256396	0.5612253809534894
0.5321407513829864	0.5400311354608919	0.49311045824755706
0.49823831977263394	0.6230538258624808	0.408606669757108
0.4796147089013505	0.422538250294384	0.463993388236571
0.5956219248341252	0.5944547068009548	0.6005282850809385
0.6160872030170897	0.5529379966350981	0.5398729284662721
0.4516946147755412	0.557722542038213	0.49614533496852375
0.5955891255725013	0.46615854724087524	0.5822487972189392
0.5823910640880009	0.5463778086870913	0.5963465920172253
0.6075716100875035	0.577239007260289	0.4674044260188534
0.42083623690342753	0.600427048590735	0.6409850136469782
0.6152958315993924	0.5868082094483323	0.5730161990045192
0.5438285647280888	0.5271398272348709	0.5479269522040038
0.5671228759416154	0.5150223998692894	0.5717458097695198
0.6191865684344758	0.5912701206981686	0.5558541649644863
0.6126594938578557	0.6248624816614295	0.5719073641257106
0.5089513392782891	0.5631576630563158	0.5846777997055271
0.5108746841312448	0.539181689701643	0.592989982238817
0.6344114941631729	0.589666677001364	0.499107596355098
0.5663840838224553	0.5497297713661201	0.5107483324484948
0.593605335725839	0.5692685398070556	0.5870950541481582
0.5884337434353183	0.662393466675144	0.5496983366901792
0.5736288112542646	0.552893820157407	0.5278101852182621
0.6082148451531809	0.6146601254379496	0.6021205606566372
0.5707943344470074	0.5625485299491699	0.6335965400193446
0.46847217152903026	0.5910982794261143	0.6247756188863346
0.5630926351280717	0.5875686082881197	0.5628866902267985
0.526129681517428	0.5023371612370513	0.6038913999341564
0.5966668384989954	0.45257623450405504	0.5060619318413127
0.4981974444341012	0.625554044234942	0.5727671331967809
0.6725205917092251	0.45633821295887644	0.5908072254003987
0.5369081787281871	0.5642942694057097	0.6457162101239649
0.599055805473309	0.5944783640458771	0.5992093023563236
0.5902305353705106	0.5994747444325321	0.6218021674947289
0.44332071066833595	0.6121172993531396	0.4830075263574775
0.6455209510671485	0.5521985913269548	0.6200103439866037
0.6177274429539105	0.5387189990096484	0.528023705141312
0.5188883112839601	0.553803831172293	0.5123392939883962
0.5389112508106207	0.6369852822491457	0.6403639568894886
0.6329440379309922	0.6135383547548241	0.6435448790033493
0.5320352801489879	0.5866336684487569	0.6066073132998215
0.5856368154005064	0.7098100616000665	0.5702000639023941
0.560181027794968	0.5793159528440514	0.6288091467323446
0.6114470150134599	0.6090433974416835	0.5607490274184591
0.5577428516256869	0.5649136612679387	0.6494907617953435
0.6201374345955486	0.5809849763844619	0.5322382865872457
0.5920920085113582	0.6190329218725092	0.6244357774323783
0.5857855648899837	0.5481474653969749	0.5363316343224162
0.7041614796662102	0.6881721836086585	0.5795822080194004
0.5759661621021243	0.5702777796537039	0.673277962720435
0.6058286048834219	0.5031397078734849	0.6175674050436577
0.6289239953826131	0.6119848863016127	0.508454058343395
0.5945659247418041	0.6476860887051549	0.4862860841736089
0.5890239031839497	0.6017865822126819	0.6632594615168861
0.6444127710524431	0.5516235722201156	0.5753231574599127
0.5641643006638516	0.6437084605238983	0.6002599489830521
0.6777787207251954	0.5769828567950767	0.6088808882416479
0.54121456156461	0.4519097347701207	0.6356595233615192
0.5931796098063045	0.5728646821459691	0.5593028524580943
0.5203625839980881	0.6543923998925191	0.6234872209631056
0.5009299134937996	0.6056012876414378	0.5614350822489548
0.6116255862291227	0.5530653663058417	0.5516900173352568
0.6005102338485148	0.6635270480003891	0.7070588568548087
0.5688110130515385	0.5934583352571271	0.6801770480652716
0.5069390816584108	0.6344646585542866	0.6051873424769187
0.624191811662133	0.6074158505877252	0.579458774279324
0.7008998708864697	0.5473766252617999	0.5947376666177571
0.4648668697945082	0.5542002278398236	0.5370971147325968
0.6768111441527798	0.5500102680659881	0.7003033893369107
0.6045578697149543	0.6107235845599466	0.6326558443053945
0.565774927281106	0.6024888627533158	0.5441006878334236
0.5235805632923589	0.5280867862285458	0.6968492745313979
0.6632111928452407	0.5939167597571829	0.6484204052193531
0.6335421139733275	0.588424568393962	0.5925041395460643
0.6425702218627755	0.7079756951287435	0.5831922832490211
0.6346659675145581	0.679054038947873	0.5989011422669831
0.5463392116806471	0.6875309063683271	0.6837069589019112
0.6066678719057503	0.6478652074527392	0.5514108563322371
0.5298957530005142	0.6340545358072424	0.6758685234401811
0.6599738457508413	0.5891674767428892	0.5910088909709568
0.5774830477335192	0.7138159606738317	0.6066354996083844
0.6356144898462599	0.5975156295369244	0.6555400081312497
0.6526585870700533	0.6053179314734832	0.6061284761497752
0.5345840621682678	0.4990312716389013	0.7279292405625953
0.6638689510574607	0.6201948068109105	0.5831060729996056
0.7323196985074113	0.5844056794431366	0.6081101791906695
0.6345825892172386	0.6165435035125705	0.5423594926497414
0.5808968912018998	0.6082422775103986	0.710797530555311
0.6234452061447928	0.6335300069668874	0.6170505420746394
0.6662137332440565	0.5935218313505591	0.6864776763071166
0.592389254331887	0.6188911748653715	0.5586736971749425
0.5746636216946959	0.5357159172146888	0.5964474086358823
0.6245096759510556	0.6880029554320494	0.587826432413307
0.6808176750704319	0.6408027256190176	0.6192527476234991
0.6726441190646966	0.6473548559013237	0.6545516404025348
0.5910150629928137	0.6882667460743928	0.5236394250319653
0.5414240524504795	0.6353258598756263	0.6416051984867074
0.656563565411691	0.6619399704683114	0.6751990383666148
0.6896975260110583	0.5198175167743891	0.6653523479377399
0.6518775058779336	0.6176812851408329	0.5766281401846193
0.633783504394319	0.7362725068513872	0.6936529136535097
0.6474011409481394	0.6594143155581036	0.7200257627852252
0.5947963981640894	0.5834031025505929	0.6832198977191463
0.6103364919224926	0.6559978325808982	0.6794747709708301
0.5728407042901486	0.6167661081204271	0.5880485418478604
0.7165449000384158	0.5744621787005867	0.6622155370720413
0.7636135822837478	0.6518836420261488	0.617746890908314
0.5906870589030486	0.6655396965094098	0.6574619557287973
0.7738525629834612	0.7128480280488873	0.5932452247954383
0.6251696661290213	0.6320662921006966	0.5925046760279712
0.6643481923667933	0.6616009826625939	0.6212978722979803
0.6112384081933464	0.7058879305430177	0.6269475732495912
0.7088932698138793	0.6500801644929235	0.688767233491468
0.6984365941089087	0.6360232642641017	0.6434633260832303
0.6415061176527286	0.6808859205342014	0.6656765052343536
0.6121999803698287	0.6332845274393369	0.6242022317856168
0.5561646493882931	0.6857714947921588	0.6537204821853309
0.5664977232598472	0.7375329069446976	0.6652403862205036
0.6818590852793293	0.6102744428804936	0.6185287926729776
0.6176825919820566	0.5988825547875704	0.6229097461525616
0.7082123718256541	0.7496661721190485	0.6701367058955529
0.6821658904460438	0.7137339453528466	0.599406427676091
0.6801502471178134	0.6433377445139241	0.5929797688731929
0.7085606745121439	0.6070259863807748	0.5938156549317234
0.6146795243808338	0.6587492163191	0.7527543374589254
0.6872450118191948	0.6602387983383627	0.6505426161255932
0.6025726858251513	0.6647422794249229	0.6017497567128509
0.6688370270441574	0.6575216126323303	0.6166634431807525
0.6483102781798804	0.6285960580855781	0.6211463030271415
0.6679404065931539	0.7501542688645462	0.6131567388922623
0.6553457905797837	0.6751603651215676	0.779765481945089
0.6846735873897352	0.6065695153650908	0.646210511509358
0.6660564419765623	0.6880003633122687	0.5861467505809468
0.6115856382619576	0.6224988180212139	0.6532641360063667
0.7064609075600091	0.682333584529442	0.6477519752157566
0.7340863659234761	0.6220681825470172	0.7091785752500481
0.6146658887531026	0.8087646253580241	0.6614481816782855
0.7026375052643246	0.6780602878250751	0.6704998007251598
0.6956885350497198	0.6459062238635462	0.6585954057038285
0.6591123754167625	0.6208408796090754	0.7016669888483281
0.7204120045617565	0.5476710710985633	0.7021820942280007
0.6106493229970348	0.7500244052402543	0.696965336455547
0.6601951792552072	0.5412741047806284	0.6582392653495814
0.6464701094146389	0.7173058950952127	0.713267476064971
0.7281852409172039	0.7574196595033709	0.7255404623677295
0.6670309708590761	0.6694206551196813	0.7061997997078775
0.6895860578925487	0.6947839702994647	0.6773498813849572
0.748949337840709	0.7918888238066353	0.6580225172604548
0.7142421137752407	0.6844882219915251	0.6534832882850009
0.6765327270428952	0.6698235137683402	0.6256054138219248
0.6949389343279903	0.6899224864249349	0.6440487752189408
0.6422403034312042	0.6685557743387669	0.6183630673013039
0.6054040953521246	0.6534696544051952	0.7559381523977007
0.7014957092583731	0.7404586788174473	0.7761453495963754
0.7715292987454608	0.6975718224402057	0.7014992988264475
0.5721344069873077	0.638929661259995	0.6946534365115634
0.6963132829500617	0.6958166132222889	0.68168318957161
0.7543170632038003	0.7334433308733911	0.6556057155072174
0.7528807778892703	0.6757462699706389	0.7248659544424022
0.65622034836537	0.6915242298747756	0.7156784706318224
0.6707236917920009	0.7479384851476505	0.6669891667964718
0.6614359524365934	0.7097430410271788	0.667195022100421
0.6807295054994869	0.7783674626178917	0.7604995531980263
0.7275920354086279	0.6574594227920955	0.6880066345551066
0.7487736092829681	0.687390541475059	0.6872656636799894
0.7249703786819819	0.7296211190065562	0.6750705482577102
0.6481864658838354	0.6785846857791878	0.6320081873752154
0.6925496868814096	0.6173763227048613	0.6230095276611
0.7035517821439077	0.6757241890019008	0.7836678881820547
0.6803629657023428	0.7413688790852696	0.7588747171958492
0.690728094297418	0.6830912515822856	0.7029254319534646
0.6037111539602776	0.6517523406578171	0.6744025151610398
0.7093874000338412	0.7750692154119161	0.7581645818819135
0.6390218063489067	0.5869309971822799	0.6122349577850779
0.783246155611748	0.7232451782639189	0.6498075608217426
0.7706262313660557	0.6963714165829774	0.6886104765411535
0.6199552097037829	0.7713548741168484	0.7147229655338984
0.775994100454268	0.7611643548694424	0.6832681664708448
0.696641550702414	0.6769544117198979	0.7472669503991123
0.6969051060648349	0.7610546932415734	0.6871741833581737
0.7322227530409032	0.7488438117837177	0.6491603081763608
0.7038695820352757	0.6397697446192423	0.6192796020402808
0.6893350900478739	0.6270711415993809	0.765364876837358
0.6818824450898981	0.7295792004792366	0.7588858036158772
0.6800015043795381	0.7138590454999929	0.6990822598120561
0.751275754902166	0.6965985789761693	0.6800356797738466
0.7944973667037377	0.6311133057934837	0.6805805545745183
0.7148952491182763	0.7855106430159289	0.6886006350610958
0.6875658430477559	0.7954146798207063	0.6825739585953322
0.6732475345940464	0.680455917027428	0.6846548970787738
0.689480101308851	0.865227520810258	0.6616318036304134
0.7661199456032316	0.6846439759901699	0.731887236930438
0.7637317441183566	0.7088035707922575	0.7145048918107958
0.7209396166711126	0.7321497544601577	0.7075257803778482
0.7449782336639094	0.7397437018293006	0.7276475030895103
0.7361932339848296	0.7493705951203795	0.7285224449218857
0.7137744419713928	0.6549833310727587	0.671160469293147
0.7330115023361963	0.7077747707492218	0.6809083727788883
0.7218282965927842	0.7177296266356267	0.8005130114943222
0.7646929326644799	0.687600775756944	0.7524763604012452
0.7639350880459919	0.720685323880652	0.6957162762572434
0.6330669148074552	0.7141634265549409	0.7371564920415201
0.6724822126939107	0.620987872172254	0.7394837149736811
0.6528307276472536	0.7673672601051352	0.8064536927819931
0.746231007251932	0.7208708056191165	0.7253592627623808
0.6810527515255457	0.7033753587379392	0.7730211635664188
0.7319159911828866	0.7122242810029353	0.6758712912834582
0.681027399495872	0.6544458585316077	0.8067757169733236
0.7327698195683242	0.7714777815694264	0.7718748250887753
0.7809950386099419	0.8022984516586049	0.7526549878298987
0.8064277594048664	0.6245419265691499	0.7911597637388568
0.8152237627415628	0.6741952935046703	0.7372346560229835
0.6865984571991497	0.8327815304919022	0.7576524753607707
0.7636283960493716	0.6511506995557074	0.8234645695835154
0.7425210064569535	0.7087483686042476	0.7759535964671442
0.7165320691453301	0.6774863996275337	0.7437590410097884
0.7231565182846548	0.6989662395432896	0.7051317702283558
0.7585208990280875	0.8464845433135979	0.7215707584138062
0.7463140254359275	0.7720758517813001	0.7305543160964084
0.792297091125662	0.7621198391001279	0.7996369804967292
0.7625452129673361	0.8157758246977983	0.7206792812267518
0.7147103286139841	0.762467372089424	0.7524927151480293
0.7773165527034674	0.7523478776052559	0.8148899622973909
0.810138541678276	0.7644528122161568	0.748622995755245
0.7519979272644745	0.7073160485503166	0.71708032462778
0.6341931355599428	0.7290246793283108	0.7862351049494698
0.7693055718502587	0.733785360610001	0.7099623362765657
0.747775345107436	0.6800283395210078	0.7317663137597972
0.7231396910981983	0.7765698850832846	0.725607221277971
0.7154870052489709	0.7972346169512183	0.7319310506663359
0.7683598615521342	0.6713283132696112	0.8383790466781774
0.7015500781446707	0.7915181181447116	0.7602261774260273
0.777754418975033	0.8418863855116248	0.7741090426237
0.8310036975247821	0.7676256697317437	0.7848722380074146
0.7846415473586399	0.7926410950793302	0.7488490409807442
0.7692655663040938	0.7004887088270767	0.8174282565855695
0.8644365269840872	0.714044437779993	0.790662451923471
0.8293430591719666	0.791920883846136	0.8030137879595202
0.7593293614741506	0.8038388779595489	0.7336086572122305
0.7666351228111742	0.7122182782510017	0.7759293183588323
0.732129378824733	0.8150277454739618	0.6827315805910427
0.7622264996717967	0.8031298625574165	0.7329240153007874
0.7307504171947671	0.7310683445014142	0.7830426774363378
0.6842449361170583	0.8219517448090544	0.8200138868958929
0.7844516705036662	0.8488187384120137	0.8237175996916746
0.7865834517716824	0.8101413553576654	0.7969217585004701
0.748986226839462	0.7074612434463629	0.738096415444786
0.6880670152688835	0.7930967806606665	0.8417176442081161
0.7973743681710002	0.7984960670543202	0.7549157096709351
0.7087132068358447	0.7084005301474322	0.7515654454587088
0.7194744374066557	0.7568648816616073	0.7518186518988648
0.7597671368652731	0.7487537760119982	0.8279858318721045
0.777917612108336	0.6923296767438206	0.710569269682717
0.7886246996032958	0.7938819335454232	0.7550389122768344
0.8098875769037319	0.8154190072362429	0.803319718794232
0.6735288985354146	0.7978530750601089	0.6670524129833381
0.7137489256764686	0.7290551474819075	0.7542814270927131
0.7739247493958424	0.7936841912665354	0.7439938298745383
0.685428315192916	0.7168062027423382	0.7054695130066151
0.7625644711064788	0.8756029285412429	0.7742583248202918
0.7408872493161224	0.7884555719096528	0.8451191350666132
0.8143249516028745	0.8218569867679575	0.838634003691169
0.8230962414844584	0.7749280777533142	0.7600991651344164
0.7937812224666624	0.8314287968349143	0.90598556730715
0.7385075230645908	0.8429306168978953	0.7412767976099822
0.6691191811061908	0.8056097556423206	0.7456181530545825
0.8106590748728568	0.7739617731150535	0.7273711078545528
0.7809464182027926	0.746206366096657	0.7847119953929178
0.7239662581920497	0.7490072271911137	0.8413476209119267
0.8032729880473667	0.8343179264625826	0.7239385325670573
0.7584411353763539	0.8038487940680128	0.777010000939853
0.8221211924127073	0.7772643082249105	0.8667799781437338
0.8567622288123296	0.7888628008275722	0.7987100418719851
0.7606228820190801	0.8991718588903195	0.800619051718133
0.7316531346783705	0.7433324502864743	0.7973115227813204
0.8233289179125721	0.8015511140302021	0.8879265865031941
0.8820357185984341	0.6969680393273722	0.8938008733163552
0.8023946560639031	0.8080675566296047	0.7636221619320385
0.7688530996627708	0.7711997091313119	0.7604142340689686
0.7448225187104869	0.7183375511193184	0.8856833828830838
0.7750448671638901	0.8392929687673489	0.7957934490716906
0.7440315697219974	0.8445863044847176	0.7794095646244482
0.7754965655892188	0.7556136445545697	0.7847044988698822
0.8082489660826443	0.7863510097591221	0.7748344117254818
0.7652723408620568	0.7312299039254584	0.8282361448128601
0.7601271942012842	0.8152009582003903	0.835491721455452
0.7753923597627101	0.8279242437768298	0.8104264195543895
0.7672886402131133	0.8117106678975554	0.7018776502289782
0.7524333884384379	0.7511231302217556	0.8371628773516322
0.7668818092929968	0.893614607621771	0.8728356651598213
0.8229377960983942	0.8240214991101252	0.8293993876425584
0.7924245198134082	0.7795968963024603	0.8380525166379527
0.8283481403163577	0.7815446279722347	0.9528741201978278
0.8741843202834565	0.7577273079776737	0.8146103313583835
0.9061425446097899	0.8495090064449591	0.7908837363607586
0.8652138985475655	0.7181867785004151	0.8014438270983572
0.8002620562440554	0.8712619565833903	0.830909325309932
0.7532962855685231	0.8182460663454961	0.8287739424153603
0.9057982829177225	0.8164820418503363	0.7749825368037889
0.7868420852020372	0.8262909727759877	0.8086484703600532
0.8951435983660442	0.8182272542573458	0.7850301884765923
0.7703202209202915	0.8282792304606255	0.7687975278625375
0.9311404300220116	0.821873664872624	0.8127461781209215
0.8473018218092239	0.8345387629392665	0.7966493166602896
0.8078473489421493	0.833992371461107	0.7969921130767744
0.9027689480109361	0.8000548487248805	0.9204193031575842
0.8919307832596814	0.7918310759621716	0.8457542000559668
0.7873714587199573	0.7532572048844219	0.7958009892198933
0.8259970426930103	0.8026875447914853	0.8455710546575802
0.8287713128348656	0.8180302835033882	0.8713963489057899
0.9292592482868862	0.7844955554979257	0.8358512410292692
0.8632411539322052	0.8790546606042327	0.7626661432860491
0.7623142129695051	0.8980622952867634	0.843992855616943
0.8977588888303417	0.7753454424137519	0.9718508292468344
0.747562689576799	0.9041244545810757	0.8821968174665541
0.8328259809093862	0.8870333333256848	0.8936077889857905
0.7742226145908928	0.7639283562897382	0.8930291930461247
0.7807200170893109	0.7828967430902	0.9337667183065723
0.8398972222209777	0.8511836941063561	0.7353984920948944
0.791177717737089	0.7988100968499999	0.8757270921921502
0.881246974167002	0.9123603196540083	0.8741576104036368
0.8194160392636765	0.87792147923296	0.942263217870321
0.9291140503482913	0.7945362913135682	0.8314637034442518
0.9049514435661182	0.8533279287003167	0.8975198756923075
0.8725051263674457	0.8623297146797761	0.9371770892938573
0.9463830983923103	0.7885676430946037	0.9072215823900197
0.7972618489902322	0.8504687058629844	0.8471470540443615
0.8558530632035907	0.7733147398213063	0.87269298008802
0.8278083247360339	0.8754566117998688	0.7906954200765172
0.8677026243359868	0.935733761760809	0.8954339304432519
0.7966921364484638	0.862876033182432	0.8625043070973937
0.8342147759092451	0.9288471583799651	0.8227494488232981
0.9395907827978278	0.8609695833192914	0.9071960216256205
0.8548271346647462	0.9016144854184878	0.7735169365868836
0.8362129825286382	0.7654071658403365	0.855231516817576
0.9156435136745309	0.7947865312285202	0.9148176671046284
0.8620598887475802	0.8201054527319465	0.8936985499396664
0.9436950573589418	0.8123805626508489	0.8626975051738929
0.8881810911016222	0.8178694224866285	0.8120082992962753
0.9129667120789464	0.8889004436757615	0.88557135286504
0.8565994061564505	0.8810192219046334	0.90202682960763
0.9228796730750952	0.8751648694175003	0.8900108260340763
0.9715010295563193	0.8593356911151896	0.8694191695531374
0.8649253048854681	0.8788978648253417	0.8592775140962073
0.8313025125968397	0.8584525346087878	0.8638905874619106
0.8428686368891458	0.8077534677523183	0.9229876701852047
0.795972331002506	0.9668057067735301	0.8448802965103439
0.8316981843858021	0.7603789932201761	0.8741782297706492
0.859751460122938	0.8024048939891623	0.8822870173018149
0.8978125870897025	0.9077159094734742	0.8101849304012259
0.8670317721224867	0.8940452423194474	0.8669553335946532
0.9161851419614452	0.8649148027361974	0.8263799707987619
0.8917094343097096	0.8549936002183962	0.9045548910555546
0.7417651737499313	0.9083008592692243	0.8333173315536542
0.8751047385051623	0.8579645621558275	0.8428068352681183
0.8570277675156082	0.9037488575004826	0.9006118931287016
0.8705965245451435	0.8955652394137573	0.7741608523837105
0.8531513449144356	0.873929909503361	0.8537834628993066
0.8882962703708832	0.9050426833685598	0.8288037136576297
0.9086748007434347	0.8654070155006091	0.8073959637692549
0.9195359742405714	0.8677982934564313	0.7731578954383457
1.0	0.786543561769101	0.9608057254115954
0.9128468426479249	0.848877612394287	0.9800059402096223
0.8164514244293488	0.8420617246701378	0.9049090100004105
0.8530178621689808	0.956078002836949	0.9980677782115186
0.8951027752491589	0.9027346009749614	0.9231051580477643
0.9031252694884905	0.853435255863923	0.8847586317705423
0.8964668555408014	0.9008027221579333	0.9140201673877987
0.8456328379842467	0.9504145713557951	0.9487663081464982
0.8598004457429878	0.9994845136232242	0.9155489244116228
0.9032250999933659	0.9311263002218603	0.9294521613510905
0.887907391981411	0.977821108363575	0.9108804773572537
0.813214974757045	0.9003433838140089	0.9104210990545581
0.8208661592224171	0.9279098293400107	0.898629109313248
0.9040101952877657	0.8622413196144098	0.9533815871773109
0.9134250784264561	0.8385198948934967	0.8577620008097563
0.8964944791320633	0.9494100412997999	1.0
0.9013872007431718	0.9014325381700377	0.917646864220884
0.8672375821961609	0.868861529937623	0.8867427405087828
0.8987084209805134	0.9617871886413024	0.8308031323522519
0.9588743864426736	0.969917415420664	0.8711138395568248
0.9297878529870398	0.9785147453375849	1.0
0.9929238094487487	0.9453500894113286	0.915951325208292
0.9161750521467434	0.8802628770794871	0.877749950772854
0.8266612227670717	0.9460137911542847	0.9477789766119612
0.888349780202907	0.944435867400347	0.8923706666991046
0.9265642478815718	0.9489637621895424	0.9079197544705571
0.963467759403506	0.9601934810043812	0.8808219377163115
0.9041058557963646	0.8477965542893785	0.916612342369301
0.9378227510816642	0.8981562596287536	0.8657206102428844
0.8654081590335834	0.9231903490984044	0.9356731563456346
0.9935067007103155	0.9796803224335102	0.9393153008408901
0.9196241755762277	0.9333580234266015	0.8558641365220017
0.9047780791690675	0.8870133014421554	0.9161801729980222
0.9537240391907028	0.8255412011548139	0.9299403115824557
0.8798903756667635	1.0	0.9101881949959403
0.9599887152568106	0.9018029597635847	0.9477021755867452
0.9392805307909033	0.974663053595657	0.9793028431587727
0.9579399081812162	0.8555922224140567	0.8985438300926711
0.9306731627413143	0.9445791328616119	0.8228697758410048
0.8566454476998135	0.8417718764781594	0.9196131754772419
0.869357360137653	0.8862224637420603	0.9156352523472067
0.9211396047730881	0.9252626550755231	0.8840256638382352
0.9832205869464374	0.9387768544777645	0.9064355868353235
0.9544117640132452	0.9626934934382233	0.9754554143740228
1.0	0.955957592538347	0.9804766267190683
0.8385734591109354	0.8277005175148491	0.9378605270158421
0.9330601916559726	0.9794476364272683	0.9169725603416601
0.9312056535269355	0.9118971459731284	0.8709793417059162
0.9939210984349951	0.9706056357426431	0.9693506643422626
0.9541822539272816	0.9371772393502047	0.9657872004542405
0.9369088542715325	0.9980401243559895	1.0
0.8888558664490416	1.0	0.9090341950030283
0.8946150484406036	0.995111659083457	0.9154309445514792
0.9727739222039042	0.8781553882453288	1.0
0.8890242527181637	0.9763799852467336	0.7852314598976315
0.9273994781796636	0.9419855322668568	0.9285287612214876
0.9578832180024802	0.871807389760356	0.8885037105721815
0.9236833470048935	0.9386973621784396	0.8680904370438463
1.0	1.0	0.9301031748331505
0.9735402800345604	0.8991047083104725	1.0
0.9120544901330458	0.9630368542047123	0.9997433593662475
0.9344925105634205	0.8774828950641589	1.0
1.0	0.9423669952000809	0.9185711110055758
0.9841194049867016	1.0	1.0
0.9190759537345443	0.9858670422037388	1.0
0.9145230427707514	0.9003832195305195	0.8936582513638989
0.9082935411640485	0.9922946706029113	0.9935294422337361
0.8863851146101429	0.9538246422533172	0.9191945311232815
0.8335644789191766	0.9696462238708601	0.8896666499806919
0.97008343741606	0.9768904895185793	1.0
0.8680740247448059	1.0	0.9298283442906604
0.8714321802506189	0.9859479701870612	0.9697603474592315
0.943039323819866	1.0	0.9412846655435587
0.9633228382869128	0.9189276547978087	0.9594892872689437
0.934036275290288	0.9488894792562326	0.9458360097806876
0.9350711451086828	0.979727035362111	0.933080216468561
0.9060515712566832	0.9783654609243913	0.9194672197354073
0.9945776958657182	1.0	0.9606997836584618
0.9493190509249061	0.9870932072026061	0.9903513146564137
0.8866565152806551	0.9345915724181821	0.9670477910139277
1.0	0.9575533726330648	0.9551686723166897
1.0	0.9223467987011353	1.0
1.0	0.9832073223937365	0.9990873400316208
0.8918689208211085	0.9347174039880026	1.0
0.9969292626167312	0.9228459160890706	0.9978795086900778
0.9691190258905832	0.9806930957665408	0.970653864313592
1.0	0.9469512104309985	1.0
0.926763011878187	0.9767419040150803	1.0
0.9030025978257447	1.0	1.0
1.0	0.9016109200398589	1.0
0.9094821915199812	0.9695914122082073	0.9622472134135001
0.9132532240252161	0.8656252661394752	0.9074347613839273
0.9970271678274905	0.9698501006436934	0.910857180435537
0.9679608445169923	0.9411065724909188	1.0
1.0	0.9682833284050765	0.9311917964603496
1.0	0.9609982860927342	1.0
1.0	0.8842811990616644	0.9747781141213437
0.9049996404530105	1.0	0.9423155486611249
0.9478253274803456	0.9714885691401461	0.9890376946510118
0.9098320725105856	1.0	0.971776483264867
0.9003935187273469	0.953167513287827	0.9640249682954455
0.9924902296488982	0.9954326901978594	0.9757976879869772
0.9922365177623154	1.0	1.0
0.947663685790077	1.0	1.0
1.0	0.9525923893785665	0.9943272190891873
0.916275530917289	0.9812946680414739	0.9800437271197315
0.9933555075507415	1.0	1.0
0.9640234613630105	1.0	0.971646290456631
0.9629742420554204	1.0	1.0
0.966507710516656	0.9620381153351156	0.9941302289350814
0.9431925561795287	0.87562142821271	0.9671497853894444
1.0	0.9798500290869094	1.0
1.0	0.9957614636065858	0.8941112851197383
1.0	0.9732985064012546	0.9630010775341673
0.9636890275520591	1.0	0.9871614315997891
1.0	0.9206327079896177	0.8708316006139774
0.9215266773748337	1.0	0.9923973135001891
1.0	0.8841885153355895	0.9763243016253039
1.0	0.8669626228903903	0.9382558924033104
1.0	0.9757952767878091	1.0
0.9177989172391323	1.0	0.987989891285149
0.9850081410672621	1.0	1.0
0.9330498935811453	1.0	1.0
0.9739604852815578	1.0	1.0
