0.3742287869094954	0.5873042095043796	0.4596825161625627
0.48978508620378647	0.49824112951222743	0.6657828402499486
0.5170647159348915	0.38898277798335473	0.6487017963055992
0.40163287243294277	0.512878596093079	0.28387030003498126
0.6258997522792864	0.42936288879009865	0.3859066772254713
0.6216588277779805	0.4208465688503254	0.6427632920056774
0.6646232709583753	0.6055410752291139	0.3608434115314201
0.36500970497071994	0.10225955369744033	0.2457632512823758
0.499328820356769	0.7055691441331273	0.5454045691508036
0.5994553421178227	0.7181650190470852	0.601677711062716
0.5024856786792853	0.5584813872341654	0.5165991756056268
0.4756431247100173	0.2388503061376921	0.2702582623495294
0.20670619580326793	0.49611334813071467	0.34422552290608943
0.5259247247593898	0.6244182841666022	0.48869464413276736
0.3045120029311017	0.6948602530882779	0.37999136083235846
0.7344009063981161	0.31310518774646035	0.5832939993304639
0.4288648205496871	0.39423394781757387	0.3612042767569554
0.3862747932142726	0.47418563632159993	0.16460529543248797
0.15437934868729175	0.3886339914549572	0.3553534492702153
0.7160950862853951	0.5396342748225397	0.39088785383804187
0.5570997513541596	0.38574582175545374	0.3586496713596329
0.5640098408686914	0.7728095054712921	0.5996854910410663
0.5344539997666252	0.44922925793888036	0.33025149778523777
0.8464591952320755	0.491068100511069	0.6263296576259462
0.7271694738877577	0.42023503282767577	0.40612910471530067
0.6450630259495221	0.4872396602198596	0.46487424703860664
0.2613579424380113	0.31203711336406914	0.7105629321599579
0.4973811365958592	0.425430167826391	0.7099962673339576
0.602449434932158	0.5113728343850965	0.7087571647609707
0.5330082383054882	0.48106113432233694	0.49398475224413263
0.6384246034786691	0.4950461570698388	0.39860873614112036
0.49743099198595997	0.5023446766168351	0.4521379485778879
0.4921795984399092	0.48480050843839656	0.6106684146490202
0.5411530505516939	0.7288927829314504	0.48168853745179574
0.27423872996785986	0.5390000704689415	0.45300755351477656
0.45323148468540736	0.2968897855192295	0.49783123477957203
0.6880466217580807	0.3383139454829759	0.43180445588881283
0.31027635964749567	0.7148924678822322	0.5591948432068946
0.49291263083442255	0.41763527654644655	0.38245814640331777
0.43245494954240304	0.5106074409784628	0.6054804247533987
0.4772959670741091	0.6005767579007927	0.49198582426768694
0.42952037319201786	0.465267071400043	0.7358980200339229
0.5515615251163996	0.6217112869132168	0.5827911525642091
0.38031854256006414	0.453463143851521	0.43699098713426515
0.46765401448138655	0.6106596065432289	0.5399898092145343
0.1	0.6537836358187222	0.6819959551983634
0.5294364828649883	0.6622807054861892	0.5341960284304065
0.6645633215752607	0.5651299759359338	0.4834148544879369
0.3198895738064032	0.6843969370526788	0.2746381782413693
0.52597697442893	0.6687787816013081	0.6724166431886456
0.46471526426729254	0.39274791983182467	0.25624656057550266
0.4875918844113423	0.2829568063968222	0.17165041935754516
0.4678434163376257	0.7259673415342834	0.5827076563571146
0.439926367075915	0.47940500974478184	0.44944625809393196
0.7567030034420064	0.5047967149740629	0.33974615378057604
0.6068045384571547	0.5447969602702413	0.4407024741373017
0.48809639396799936	0.4499967289447958	0.684278481445715
0.5205667464593364	0.3919484463222296	0.3085298405017287
0.27662688954013015	0.46073726467008913	0.466976947328585
0.599354897162637	0.747545753629791	0.37880060706075996
0.3634497069302677	0.5879170136246172	0.5698359082426138
0.4319730960261065	0.7452807724608704	0.6195330535817083
0.4423773096767094	0.5157970145312141	0.2803353617795755
0.6850208039838446	0.5133806500557552	0.5670934465553327
0.5224312724740886	0.5647689299914296	0.7901976016381063
0.3809661298291405	0.4007864881429728	0.35605302783345555
0.7473338675916543	0.5005014607136816	0.5195902825749356
0.5050959154666714	0.3417031165220968	0.42281889673962736
0.30723251243768857	0.5450550784216353	0.381902362194547
0.4706314053755756	0.1964105817566259	0.5400396668379743
0.3766087989906052	0.2961330062531613	0.22754934160062568
0.48908525717819257	0.4428790462343727	0.6779861140032252
0.5720647922393047	0.4291930236916516	0.8927049461544998
0.6757234379488901	0.5493749282508054	0.7542912785264673
0.5196018439172657	0.4649689982430344	0.3370025104821749
0.4833882264636536	0.44232085113495495	0.4019089262691105
0.34534306636582635	0.4929580620175028	0.49108986939233235
0.6472755541729475	0.5071526857843955	0.4218006502695785
0.3516557248274566	0.43223318891583085	0.4398140639982323
0.4939884145591091	0.5311664021107424	0.3491826018667752
0.7980227941356111	0.3228941453893539	0.5990781793719527
0.5540069946171464	0.5125598643690512	0.2815470089676053
0.38471406078560544	0.44649302026182286	0.43803750171843425
0.5901371632264365	0.4634356617626683	0.7071126992832361
0.5775609669517778	0.551747086008721	0.4448123588526855
0.4125913146756197	0.45379400842120843	0.43718841096095445
0.26667076455471195	0.5266667272561582	0.1323049467611349
0.4490723504862259	0.4071073088084144	0.7613449156841628
0.4345733395281238	0.5334635142738599	0.29034357822185813
0.5077658681864987	0.5731199018838918	0.4934009514882055
0.49185808991396135	0.19569966960227692	0.41489688684741977
0.15330474705334918	0.3841051239207439	0.5728908920792924
0.5368328117527444	0.7658632661620842	0.5145891379421925
0.39600113905106604	0.3576883804564362	0.5128490536992185
0.40799803470166635	0.4923566315782592	0.2686126912776729
0.6005587970165405	0.6101073150946767	0.37069949307537753
0.41898245371255716	0.507495228331778	0.5621019905126092
0.6842075980658658	0.7695493684108496	0.8943105358810968
0.41728225936780017	0.24607204826247558	0.7370405969530966
0.5858161465607938	0.4366387125782413	0.5230771221157989
0.548838669459501	0.6165069331153561	0.36435667281887707
0.4189590943864073	0.43634772988495685	0.6326146398338245
0.2512777484818063	0.5770468816354352	0.8389518129110732
0.4903559524536308	0.46915671338560605	0.43883613343158273
0.4608172220364138	0.3169097654581833	0.7098440163490203
0.5781867377232749	0.6180806298568875	0.41535490370113126
0.501915076771917	0.4097985817516092	0.3750145760188822
0.48921710528295914	0.7322000439326791	0.5718188421469296
0.33763103459080146	0.578833910858551	0.6257614168157508
0.43493144652436777	0.26365108195863596	0.6365802264670439
0.42623446416644134	0.5954058553621402	0.5839561536971581
0.423008580525406	0.43426103744974776	0.487586590689463
0.572012068586198	0.4084059995273076	0.496901433452487
0.6385967402753139	0.5058240907915268	0.6358922199093211
0.7073902430315993	0.7493200511678946	0.3476447099321591
0.6123587490595492	0.5599548048250408	0.4295061933280172
0.34970516410807906	0.16612258832913868	0.18280992054180456
0.5188979568439602	0.5989601171328276	0.5735293015769729
0.378603809040588	0.2098045040321559	0.7420031054019025
0.34778799798093674	0.6862866981941191	0.4669411940604561
0.40510906928243595	0.7785480219306562	0.4502382392117281
0.529023556016098	0.6007354305400161	0.575892331283956
0.36262494976744025	0.32925589654639514	0.6988658874037961
0.5358245327986506	0.356965177806285	0.4817795498006294
0.33446888640235983	0.27308066082980276	0.45159840358803127
0.4875184898126711	0.5742238512210953	0.5861017177593922
0.5518322059578652	0.47558250605521873	0.3279771272275877
0.4367677567886189	0.48325467655322507	0.40560586789594094
0.4473009202154383	0.5600917986523866	0.4770675293055765
0.5997763999867851	0.1	0.4761013490352931
0.5822285596282406	0.3469499588369654	0.4941938566217111
0.3003508030239487	0.2832219036341044	0.3630615148500852
0.4271828526626662	0.647169381002666	0.646585861600066
0.5505089410838361	0.13870920032042122	0.5839510002830459
0.4018814795876422	0.356583032451067	0.5852170684804641
0.35432646940367996	0.25716097113400843	0.6565985030767267
0.6373562515739302	0.5304495841563962	0.637580685346571
0.2961481733124832	0.47134503381323767	0.864118323866083
0.39329957856291964	0.21195370436552952	0.7566318605480895
0.45648618500694277	0.38445718025667164	0.21959982398967642
0.7134900842482184	0.10496532274126563	0.2403361028500447
0.26306651696936445	0.41469694267690727	0.631800004454999
0.374203834231463	0.49208152680830197	0.3866407809696103
0.47481193541402933	0.455664052278117	0.4515935218380038
0.5430569762529566	0.31489798754819764	0.4150482508757942
0.6205338196891697	0.6512090610063981	0.42070016564908236
0.24216697389822645	0.7306656879492165	0.5556862814368397
0.5253293563092073	0.5980666513429405	0.25380680910242615
0.42029352599373304	0.5196716922723948	0.5962978113426673
0.5316661738281111	0.6640728559841821	0.6928957750075386
0.48601699917044355	0.7449289737790197	0.4097103881739015
0.25553522066693224	0.29588288782528716	0.40623092993951015
0.36852159299836906	0.40501427679806057	0.4473258644636897
0.6139768886231977	0.47779267224696886	0.7418257676852078
0.7105370482334913	0.3094456196189965	0.4324405626810064
0.6367031615868975	0.22517424207948017	0.7618100178432272
0.5313739814503508	0.7033407054690097	0.5877300269928578
0.4340584162970041	0.355331958737618	0.3093659306066079
0.45118366922884845	0.6989672569900247	0.7126251353806505
0.34452534164462084	0.6939979950502011	0.45038793827846696
0.6388975869897977	0.5549342778783449	0.6230733113640197
0.5979583632389736	0.6944325140754835	0.3775387200292405
0.35082002263421963	0.1	0.4791819428793468
0.6821724515351348	0.7642375572383202	0.41229588772452
0.3211222047091494	0.5199237704333143	0.6420634366634894
0.6921292368445666	0.5040510631977134	0.626698243260986
0.4485398227988621	0.2757715310763067	0.3778667901844131
0.46857699296705707	0.41974708709816705	0.8886806668560132
0.4695203823596568	0.34059214542809846	0.4013151955695709
0.5737712086529939	0.49868274325444706	0.5248395672936914
0.1	0.3984305977646847	0.616565009310945
0.6170925657233617	0.4956890128556739	0.6475184324095876
0.29749731020377734	0.14922754731857607	0.47164084083683555
0.5617328556618064	0.6380385791250217	0.4895361028238418
0.4448945619673483	0.2666685090130796	0.38998303768117876
0.4182802578198864	0.46863747992523525	0.4837137410595088
0.41170337195047446	0.5341153645201372	0.4981681747855581
0.4291309371582792	0.7542705820030071	0.39183967951467275
0.1869386600607974	0.45092949582890335	0.1434310888521012
0.28775311630944933	0.15165499980319047	0.6102727475623962
0.5569195315808837	0.4417129660973045	0.4798127958752307
0.6279842132383221	0.5539172920158857	0.7798936114717443
0.5903786201069158	0.3092235029061818	0.3787601032213999
0.4833298277040156	0.6298720699711338	0.2779770756789197
0.41456918413901345	0.7091169607547619	0.48349424589294154
0.3445714183841597	0.7956492005913554	0.7026871057031612
0.4791943438945385	0.5004691820353756	0.16467369739395743
0.13354916016816593	0.6642641485350147	0.6873498249697962
0.17278944715057826	0.4582666775403697	0.41896123192788737
0.7061385332078678	0.3795049445238334	0.6865746680838747
0.5230451364101154	0.3564493318533202	0.608525702499547
0.32360418426467075	0.4879627446923137	0.3065846046060723
0.588991915218455	0.736769224164163	0.8240186428011691
0.39456060818516187	0.5668709663149711	0.49832996188834233
0.6030412869192795	0.47049033557593184	0.37052006088331035
0.5250461064408811	0.23760176455541127	0.37103085466798824
0.4829173910719398	0.46823889499683535	0.4723909070057256
0.463944573577363	0.8777125445705287	0.4834410167672958
0.5789815348786143	0.5967770353015183	0.6335109432415061
0.4926736112863909	0.6246581684714068	0.535249096476389
0.5834512284727921	0.344482188567301	0.44170185480644175
0.3866989644497602	0.5012745043931065	0.6456015779844875
0.4340607198562485	0.5489530646290942	0.463126086637785
0.836864090128217	0.4417854188884576	0.40590655430204764
0.3793114546972491	0.262117966494308	0.6188604786621805
0.5092868002230293	0.6258897812750642	0.1
0.6771461614538266	0.5832007086329491	0.42236855744765545
0.40420886309002413	0.6029925639959745	0.49038892052409244
0.4993055668867348	0.37566559450036047	0.5225540162277629
0.6801260819385024	0.7535824195507297	0.5527605984639091
0.6136861670570576	0.5023735681647316	0.4581302482733822
0.4681491438370514	0.5163588762382567	0.6621211105967706
0.5435476451750962	0.7057363950771636	0.6260659129579751
0.5493333749125618	0.5933432279474117	0.1
0.1	0.5448052864783848	0.40700190318403157
0.6149340359717659	0.26775299075852455	0.37061064001856675
0.6409957469041959	0.6661557403573082	0.5469383460111286
0.3859175087494756	0.5876510240581011	0.41590572734792725
0.3903898607175468	0.5272152967417045	0.6073599014552676
0.6596974659195447	0.41140524297774494	0.3573438768031777
0.3720670025266254	0.31587260162092057	0.441850403467275
0.3225309501022936	0.5604823149505361	0.5219453720881917
0.42203350155057023	0.4603006035186727	0.6466632919477315
0.6047940166172019	0.4462600130675354	0.3569518234542979
0.4552900711037656	0.4155434913979742	0.6331526272650654
0.4614575463362676	0.23685980315379723	0.6796125084145714
0.3677528155267653	0.34741319798246506	0.6123027914632014
0.4243570212613037	0.5089085843363776	0.612837412295
0.45246472225641776	0.558090777117204	0.656902629044425
0.4523063118040146	0.2558461410200921	0.3129431808660694
0.5728567081158087	0.46641699840857204	0.5798033872114227
0.5402588177492019	0.2954982473973612	0.9039381866375786
0.6900497722680932	0.48403973570028347	0.6301478545395558
0.6149712043280382	0.7525184454102172	0.5064103190115065
0.5227995301689736	0.6256510112646056	0.477088823049035
0.4345019353953043	0.48729039390701157	0.501468536302876
0.44580579207320314	0.718615527892195	0.36798618070486777
0.7252427765383284	0.6873064945438108	0.4984118871100814
0.8021904609835302	0.6202323663447082	0.6308696964763165
0.6322688058041995	0.4411754084569143	0.406056184727789
0.6200745076043843	0.39348356747513663	0.4340562636362545
0.5633406789754045	0.45718751575717986	0.6411527039484127
0.4347705473440703	0.6602852017187666	0.14867159118083356
0.5775020870377012	0.4096192874248372	0.37242621707033224
0.5937427661884027	0.6092500569903286	0.6041443993616922
0.22919092642803524	0.3789939374463058	0.6714260471875299
0.43041078013465206	0.45007467891802605	0.35837488815275775
0.4248347492854454	0.5686442891194098	0.4973194508568362
0.3047032941832496	0.6260788379787234	0.3017986933175123
0.6761227324506125	0.6752536405764332	0.42932066327204604
0.6785861934591686	0.10569973356145174	0.40980983302679574
0.5538334202387776	0.8451925602008703	0.6473206126591283
0.311086357821033	0.5048467850821838	0.5226936541353129
0.5629346650710851	0.5712499199964565	0.7785869917637933
0.5447598606394772	0.3384826102724119	0.723631516562917
0.5282852569828353	0.5999417712682145	0.621748372114939
0.5721270881384245	0.5202784496638188	0.3197808313299946
0.48588478486192027	0.4347884529167761	0.5458286166601222
0.791436265467002	0.3103991679658069	0.49828276813598005
0.5393983999306746	0.2917226178946084	0.38001747983565354
0.5506118632703291	0.4016561630842401	0.5401056150811678
0.5744869792629433	0.6622870510684254	0.4997147571059462
0.5831032961793651	0.3352818771950146	0.24254709911600753
0.5307032630552155	0.5481444937342179	0.530815043580659
0.5193015290887433	0.4841188765058644	0.3600729373978153
0.569990632388299	0.42002926638171595	0.4051276841426836
0.45961848541573086	0.4667186414879185	0.4717189363747157
0.5315162426237235	0.33958530448014446	0.4582106773473146
0.6659950842175137	0.6315032055653905	0.6675997233911801
0.47834871402639234	0.6374423058965308	0.5129148653708242
0.5946299857172814	0.29158372373940034	0.3979451334226456
0.555041899215459	0.2525892377599884	0.1
0.391052250283509	0.5617834387898073	0.5303027439584715
0.2787038076380627	0.45622951720458654	0.4148044305996229
0.5066528987654424	0.5177809058138882	0.17839149078854022
0.27092374964278804	0.23121791927686763	0.5170279112201881
0.6356652724842702	0.5781487214764823	0.598830916244244
0.3352911679821101	0.34941012120288806	0.23411910172436218
0.4122944575158598	0.5771174131021155	0.3866868969724727
0.2800708466185861	0.32569022290100075	0.35610217455033244
0.43602002694847203	0.33862913401039907	0.5669594007102072
0.5397084023411611	0.3453641087477216	0.690894793160622
0.31898324755257595	0.19131018085603313	0.6290028983222231
0.5287248915549001	0.5249989824022778	0.424314834046148
0.5618379662015386	0.2944190011720309	0.7355659222887738
0.28014701584518886	0.3331435017369034	0.2505815111233154
0.25883878044745506	0.2244934991868086	0.3045584679142934
0.22798120614373407	0.5087492622901645	0.48756868407671905
0.5637731861980637	0.32730252153360173	0.40809255531848626
0.21346354566898373	0.27179142051138766	0.6339084824225182
0.2563620214729484	0.6889711257430494	0.36605158989352066
0.5762859494790515	0.42896849448656915	0.42668755341812914
0.15822358034153977	0.6045373079900387	0.3703243102853022
0.5845080130707858	0.4349386022814315	0.24254273154586053
0.7998736240740182	0.3876538437120582	0.6705284571171988
0.4124615740053274	0.4624690817387937	0.4169222345935183
0.4099991348042883	0.34929187870358114	0.4430591027245103
0.3618512597921574	0.6293648594014887	0.3522171353237709
0.1	0.3282907809369966	0.5598822347920087
0.49472642083943225	0.6746106423281196	0.7596476561448546
0.37796053024081117	0.7486291973940229	0.3932924576269149
0.3222830146352159	0.36196296012371143	0.15926068818590922
0.3783683164194081	0.7392980071070345	0.5239068917451831
0.46832640258827607	0.716415852174708	0.6103572848692849
0.5766521838957892	0.39628857354310654	0.2939503456329379
0.4500719013135839	0.5234569425880564	0.2275619977431586
0.3671823763381512	0.5147234616456868	0.7336296373847832
0.43872186185701173	0.16730485761990188	0.42244644176338336
0.48033630677375994	0.3527896298274967	0.38608497064285263
0.49850992431124974	0.5871901484299417	0.5686015049884598
0.49769187357096234	0.715619146670565	0.5426494527496285
0.33834825647155664	0.32440559222118703	0.6312811105679714
0.3700143103123643	0.56986885397226	0.47616173431821346
0.7127313824834828	0.525936040125973	0.23362917976600756
0.6186237668039405	0.568376563254671	0.34327150052930056
0.6323593769472295	0.4605262498686985	0.5645604845061276
0.5800635990185543	0.4005082649009843	0.47428594400797486
0.5796738766946763	0.288576603387815	0.6519520281441731
0.5125173491156018	0.31907009995134755	0.4836445613128811
0.5142427721638325	0.47233458638404446	0.7341303063136759
0.4344593573354195	0.482633080930756	0.5269833566303638
0.5471260392559887	0.6577991113660058	0.7513172224224285
0.49854317500662454	0.6646769546918997	0.43906378427632115
0.42740213702618945	0.47757816673671116	0.3016986037721594
0.7464422470941764	0.5505941964586798	0.613588684717032
0.4881455014207885	0.45045867317282967	0.7698138349790627
0.6516620648985558	0.647961920220319	0.39668665313634166
0.5948500375936984	0.6035483279268072	0.5689358025576576
0.6041119215937506	0.5968688111613067	0.3869219098412453
0.32209303269456735	0.7018141490137357	0.31676831978913617
0.41287893509858675	0.4529380302910412	0.5487950505488969
0.5378768340734508	0.4690018628331659	0.6042961439305973
0.5411661798363412	0.561186106813738	0.3351929862369415
0.4365522157427975	0.4072999484341304	0.6623445557030723
0.5118777336781359	0.29809972866806844	0.4351059732754218
0.4171712048479199	0.679577512065426	0.39520747038355397
0.5268782091126655	0.6318414931459503	0.5664267169845647
0.5671652892861039	0.7647445198021943	0.3991927637691185
0.4069061451575473	0.46464781216851286	0.5949763647855693
0.6031782346296999	0.3891912097659861	0.49775207906343305
0.5529434148432583	0.5778099870096126	0.21031405971063755
0.5992026079807811	0.5759530604812106	0.6851583820944751
0.43233000401389293	0.16862613598548493	0.33629027607777817
0.5365297128216959	0.7133965005350336	0.6544847669503093
0.46833546617641336	0.651202446715313	0.30351703081710124
0.2970863700372434	0.31931627016895325	0.3346959671886134
0.6814664790328215	0.49073839646402584	0.6192140275613784
0.4684426423302299	0.3687671064060857	0.28492767867436397
0.5878740440193219	0.6299191548768968	0.5722551234804915
0.39857003662669555	0.43400593919708	0.35797827380948843
0.6620002454398961	0.3481453686006405	0.4786117239340827
0.44483152429742545	0.45518793377005773	0.5951569606386692
0.6735522586963292	0.317909850654993	0.35490978708652987
0.44839086750430845	0.40889628378031745	0.5309079567358089
0.2913356354812766	0.6228114115194545	0.3427349228379055
0.18372334858671086	0.42140618589193113	0.177562594728991
0.2529409952018576	0.23991085690204894	0.5165734353941024
0.3183810643448216	0.47318648300098676	0.6744300344588191
0.39335704050043463	0.28276096525567873	0.6287636108478121
0.6096300494315965	0.44826927761796853	0.4996655257860993
0.4379084645690387	0.4675987523133716	0.4482126941399696
0.32589611937047447	0.36778918605824173	0.5886032894096275
0.5552012343537774	0.6542160361685533	0.5521736863287294
0.5322173950842201	0.3264706403651455	0.7802974519190777
0.42944792260636094	0.7337674753652238	0.6654650012576553
0.440214973805653	0.31197032847073036	0.1700611154112453
0.2260562933683125	0.3377868865683746	0.7812113206717552
0.5268843015954225	0.8987237616342779	0.4300818415850798
0.583590947227381	0.5082665278432884	0.46965119682619405
0.10134195119497036	0.28009939460010547	0.37842425604705476
0.6742731664772217	0.44183868480170274	0.43526012957123006
0.6302633993789096	0.3456065049474333	0.5363121598264525
0.6078024027555625	0.2712288356584048	0.4816726743098959
0.33990426810542884	0.47832160114629513	0.5034729983247526
0.25508437294615505	0.27555902831049595	0.510852338652228
0.742063568541655	0.42580399422620546	0.4645036477477594
0.5467764643555325	0.48815601562073146	0.5834267954613411
0.28014626865370906	0.6310207653675886	0.6143533392984144
0.6613178916973269	0.6849572649284411	0.5022421585288418
0.7054746997066703	0.26822938659829054	0.5048222040008544
0.1	0.6544238466552158	0.48676906624972693
0.47197273050278526	0.5732148800916437	0.5284863936669866
0.39189540364005226	0.6486685704044238	0.46874879254373736
0.403139089842879	0.3402483619465444	0.6796510999601192
0.6609571043717413	0.20289635490674235	0.5967992508390783
0.33997228438080607	0.28913164687661697	0.6357380814678188
0.3867586095418144	0.5737018514082773	0.6138388412615875
0.5935747218106298	0.1	0.7776571509943058
0.47627948884611193	0.4757517808695084	0.47298683049972307
0.6095333059985604	0.19883080946313675	0.3392356815673381
0.8490071397587517	0.3389837982169694	0.7042025578656698
0.6498636426587057	0.5995071699183483	0.28408995627309713
0.2422532698653973	0.2405345465927139	0.31285954522891546
0.4854919715133973	0.3925328167315726	0.31136178081425514
0.5151977686206816	0.43213192884429696	0.6355221544164598
0.3073192454573073	0.41729553739326997	0.46193302704297773
0.29270802255797634	0.46895995089364284	0.5294063752911392
0.3942443444403612	0.5254335704512514	0.19769048523709926
0.5462336287871477	0.5650073256988009	0.8039183131211098
0.6000021702656863	0.5295571093687567	0.22499527134108938
0.689644605374558	0.36119147503424187	0.6042782877048032
0.4302594616362613	0.316609086120076	0.34528196181135484
0.4951719424648287	0.3802148322625101	0.7160401046646866
0.40966873187121594	0.6704753348410946	0.4350791663106593
0.6288135993518535	0.3866979357307734	0.43036499048428034
0.48504636461100725	0.5211417063082442	0.41978237299852683
0.4224586810656855	0.6061251172663737	0.5645291687178013
0.5639168055991184	0.3908726460134544	0.6752064237179762
0.26812939624382026	0.606525416355382	0.6359360769930209
0.22274075348447692	0.49925118778534333	0.6602359349496862
0.7239182544103212	0.474501528756455	0.4030837059641928
0.45739752409431494	0.35844151035886496	0.574544026116251
0.3837586000101181	0.6741312571935717	0.504639518246856
0.3457240458540908	0.4888412940989876	0.6138585459855209
0.4425389497273981	0.5091702309899315	0.46194152322703236
0.19322926091852016	0.514141156224449	0.4886491527763239
0.28707633894092177	0.6770262817829337	0.44120808560725616
0.4890983020044576	0.6578667541239858	0.6567255153952658
0.38514898915788115	0.27506235326015027	0.33399269579896174
0.44878494627826787	0.5500618804496399	0.4628225370265047
0.7552050527747434	0.515962128702919	0.4603756638794402
0.3884265546821962	0.4809762829136643	0.44784419881932586
0.49551447150022415	0.5842404378415114	0.6606897233156459
0.4281909555333538	0.710646545904146	0.3364804318131608
0.5940232734416458	0.5552914089891604	0.5142876293303172
0.7433616966116809	0.6902288311404481	0.5095950719806346
0.4579375798589519	0.5179536486328781	0.4636924562502648
0.6156291074819209	0.27561230322183083	0.45789619137417653
0.746742888157845	0.36328184348820836	0.3686464429396741
0.4519628738150354	0.10761992030959161	0.567310912675448
0.5163694282437605	0.4223132712248301	0.513212878305306
0.6781481324185137	0.6045416990172173	0.7847174966324695
0.44848969640585973	0.4433105382363198	0.4839612797933426
0.4582802161145615	0.45622802038971894	0.6081139553337329
0.42947933687212236	0.535168582359543	0.25074974402628913
0.5465769457290452	0.3275488363804471	0.7311273457487952
0.5919719097928134	0.5050238686943618	0.5738893850642772
0.3064500664059463	0.8146521112173071	0.4968845046678949
0.316685713332046	0.4428438593418404	0.8585666934973066
0.8868055236019543	0.3647825218198685	0.6229356520650072
0.4600405467549004	0.3589380794630629	0.3471168557566834
0.35884194481837944	0.4346915921417235	0.6753321625396629
0.44011150382944514	0.30794388928228955	0.4731591126649275
0.3560209187610701	0.43901634424631764	0.3022613619728563
0.5676281800679822	0.7129152110002841	0.47013305654219983
0.553332725282974	0.758612154530125	0.43443900702264177
0.2707746566107252	0.7670099900928933	0.397677845720382
0.7416061623675723	0.6864185672651801	0.4923536140997738
0.45272906463508134	0.4101223667011857	0.3471638109217703
0.3820245399883665	0.48530856411235607	0.513413265968869
0.2153367470305887	0.5147350255880786	0.597659190274717
0.5380163175129347	0.5728790098906371	0.45740344235358743
0.44866630625087195	0.6291461366399416	0.3552956090585395
0.6915538613603576	0.5886594481029525	0.5048909631049263
0.3223513400016639	0.6601744541441253	0.3528412213513664
0.2754842648744982	0.5506689079915089	0.42849585450218813
0.7324327000189574	0.5048395414407968	0.4366977851774876
0.43778667294994966	0.7912353578389626	0.4340689594386452
0.18711948595161237	0.4830120148328426	0.5918390994609869
0.5869221183069518	0.5936073642825456	0.4544675537407316
0.431431794468916	0.5454459188142674	0.549245689931646
0.583697003707782	0.7178370756929596	0.2025933825760921
0.3718290916278376	0.5460654924782797	0.5354406741751623
0.6718761787933327	0.558831263599285	0.23414705304653294
0.7506316046671473	0.4279027116910012	0.41489276761996885
0.6858202311958499	0.23691899608958683	0.9769952277216158
0.2882093680474829	0.29375890918379866	0.17980828754591677
0.35413127213250273	0.6574452896484463	0.30823548850961435
0.3938645470870831	0.4250956909435793	0.37485153794845283
0.5902087342437644	0.45217566034709267	0.2967975992883046
0.5647031772899929	0.6260091880534862	0.15985111748011283
0.6518727584487549	0.6455760420795067	0.842025992571213
0.3315544860815718	0.515166146746389	0.8722694519841567
0.5337183466129437	0.5618388098413125	0.2342890788981128
0.46008863683852763	0.6784567482408559	0.5199773020924294
0.25213269629337914	0.580544352766164	0.6611332980948242
0.40523138022041977	0.32040653017535736	0.6697796894348637
0.6122093115376069	0.6334422382327544	0.4048221778910646
0.3493671954912073	0.3613300150529908	0.44909386036683907
0.47987984225005303	0.6373954120989416	0.5540156042699715
0.32002508709554045	0.378153522798227	0.4222245035500357
0.8332129649052307	0.24261143178591182	0.4271770627660237
0.5171436619830738	0.6960759642548975	0.5306347082564513
0.13159800518441217	0.5043300737970048	0.6033267378194086
0.5968992870242026	0.3226728472953558	0.2198122013686445
0.2574769479849993	0.6059737804722517	0.4463603466096418
0.5738941238748533	0.4391637154754217	0.14148843377772724
0.647066050190588	0.6098127475105325	0.6294670949839902
0.4138081330341587	0.594177432268809	0.6471068933431298
0.3602697199882323	0.6423518630963616	0.7684243683836773
0.4237474857065672	0.468863420175292	0.44216351046196545
0.40173996191384986	0.5679392942735226	0.3131015899799608
0.6655033245233308	0.41821344570871666	0.5582910436867246
0.5466028982790917	0.589567124524519	0.6116913670381552
0.4971010269125531	0.15996005655530254	0.45570068635929784
0.4706694463194243	0.6137137418897994	0.49124024955857537
0.4240232075961252	0.5850288102496224	0.2337480154688491
0.32359785229690685	0.26575002455483887	0.6403017938106664
0.8231367677602835	0.7791139477802143	0.4955946105847223
0.514931856830343	0.12349188856089904	0.4336469074697908
0.6078880439766065	0.38562413918413524	0.5464722193823878
0.2572178791373332	0.788598259330445	0.5693785331881358
0.4868863042075813	0.7032804437241138	0.4070227560995373
0.6059926663658419	0.44157221444074235	0.6335798047794978
0.5221814592244959	0.7802426780679758	0.4217851685927018
0.7541944002985319	0.5330251367637827	0.2275490063483197
0.4285671016620045	0.3876234690239575	0.6397363368563365
0.5697093717311266	0.627685589767816	0.40080481604806395
0.7107485533579381	0.40071336422797726	0.6272488332140579
0.6148340793393263	0.2261680484250289	0.5595525927073176
0.37340546579893574	0.47723920789788205	0.554597552440558
0.49869931581289484	0.7145431114465367	0.45796802105380635
0.7323458331442867	0.6011883272642443	0.22304189504959676
0.4430945168641191	0.49933800016387564	0.6821946816920375
0.3614581903798487	0.5679982726810977	0.49590513492449767
0.5344635061855424	0.3811092596220634	0.5039663814903819
0.5402350916904706	0.5307607830412968	0.5121197745173154
0.4271294060386396	0.5288736555789625	0.4944123091938956
0.4797467760383827	0.47707917096403685	0.5577428506043827
0.24660999958771812	0.4738221369989825	0.5478625164685433
0.5678729538818056	0.32160120683833204	0.5654566885510653
0.38497725535337995	0.6849570962535217	0.3968123549735655
0.2568977030806207	0.7484795782198036	0.4324505220918754
0.46430402885420313	0.42289953487984555	0.4725866374376889
0.47340158825078277	0.6082046529996472	0.4302555772993417
0.2765900355933648	0.662565778514649	0.6055377620288729
0.5989492290853584	0.3340180969384794	0.6068567105477641
0.5391543154470263	0.4006779161040018	0.4486092037773269
0.6532722079700799	0.3480112355932389	0.5494554420452015
0.5442482378047062	0.3254361553483909	0.6351393402801727
0.29133118247213036	0.5380566129738429	0.4605385563729171
0.4178732540699981	0.6554456084239759	0.5979083972088264
0.42814883957990924	0.7676090202277966	0.7585155574354624
0.49317648553700577	0.3423469124801527	0.40666532184817283
0.543228453057424	0.25221325839064734	0.6156954691918676
0.5006623635942652	0.616118709869433	0.4999682114463979
0.6254604893160479	0.36488669850510314	0.3537847919761935
0.6907903972132448	0.6026193154872256	0.48001159733117105
0.44103097120735113	0.5689062932273451	0.6792695367947919
0.6799087325340271	0.6564300535434442	0.25517963012636957
0.6069395748038194	0.636592080853464	0.5106609480380265
0.5342821299840532	0.564243927453859	0.5804651935081048
0.3591086882363455	0.37075450880625993	0.25317564014082056
0.577795055059459	0.679204141407318	0.6264438953512477
0.6465455554398715	0.7438551912051397	0.577422450656469
0.46143615731659055	0.31862748854891476	0.5923516606252408
0.4652191127505128	0.5463825777211587	0.5085952227918523
0.44523285245131405	0.5275450140887025	0.41643330744866225
0.42407925406434577	0.3086025790059962	0.6062334396554798
0.5481789201944802	0.4607407290265086	0.677525129707927
0.25548897250549807	0.585395452881755	0.8067238686304621
0.6513881066956487	0.5540299225150663	0.5631001828058717
0.22237722340525123	0.6053186801372792	0.6015550956435433
0.20779285538274395	0.5319045713825535	0.3905281156562833
0.7924039811695982	0.391145145769651	0.11519794591934457
0.6627793805121542	0.4344321046009519	0.4848279857154598
0.5040080918962686	0.5316310211299304	0.4750963942704944
0.5758387266008503	0.5978583797928365	0.4066499877405273
0.3540037493095226	0.4620847860420603	0.39763865531775877
0.38336664171317514	0.48145728047474634	0.6818287189040687
0.4215126769604438	0.37952034780601973	0.23061296759842853
0.5708869792522737	0.5956712618729132	0.4401021834332442
0.8213157807972503	0.6489437546494485	0.6743539869752948
0.8320460109334316	0.5201756698606711	0.7598179443463522
0.7689131956512067	0.5840715321401949	0.4837418264518025
0.5199405469809789	0.18907476455702632	0.4384423503278969
0.45476932062364844	0.7365528773091905	0.6750989759123578
0.6354584418636594	0.3487006803776107	0.6229209002137521
0.41948406747608463	0.40753850926313445	0.5811383059973931
0.532235350356588	0.49815243144592886	0.7942408568150623
0.3495126899653607	0.5765679142357119	0.4690113523404083
0.7367162567992068	0.7397156452907951	0.5208658081419517
0.496077281866828	0.7778786044103173	0.5516799389711515
0.4845999311382834	0.6637745462254739	0.40241493211409174
0.6061779802452438	0.24740392964254765	0.6977470156499779
0.6160575825878939	0.7535622359744629	0.39443445572331814
0.5810356027941679	0.7005088098580455	0.32541431340916527
0.5167541696153083	0.4297556328144877	0.5333734552998488
0.475951315394884	0.6695310886096141	0.43352909214488894
0.3765222522192186	0.5023167241506993	0.7611147101713418
0.6807593894891336	0.422619341173596	0.4124605355304384
0.35187354844782504	0.4574140396885272	0.3344942062603184
0.38231278066153807	0.7458133434824393	0.8080535852484216
0.511893441000538	0.5297112483916558	0.718145243112528
0.2975800647464252	0.3352065064536042	0.38368992998563134
0.7439280931076542	0.47477282459127385	0.42017130008637327
0.5675585311464559	0.34858141005009724	0.3635316189237442
0.21892070531052266	0.5131683288381927	0.5902848724205332
0.6307040900506848	0.5949313994626968	0.5549388289595283
0.6406607770642833	0.2788883859104052	0.41573028055420874
0.62258433521563	0.27818879101060723	0.3868212167247105
0.36766805806684644	0.6276233982749172	0.3579465120401289
0.1638955004610989	0.5412801662931401	0.2345664422110761
0.4264280677329864	0.586630298917517	0.5850018660055198
0.42394869181039907	0.45793092095401344	0.6663224802233688
0.7129016663611467	0.5775827041640187	0.6616704221912346
0.4274271530259264	0.6938275418180445	0.4944505268579055
0.6602599478754525	0.6494802592774084	0.5955227382114212
0.4164318481240344	0.33765657724934706	0.47315716839939587
0.9256297691510637	0.36668433176158	0.6303799966789752
0.4183016168950351	0.3038982480485707	0.5567878217013267
0.481505813676981	0.5081495509622986	0.4082010540914486
0.39632770752550944	0.4833023695728616	0.19056303490093557
0.24348525606758142	0.6781248520307913	0.4012071160343592
0.5068941694957533	0.6353337134421796	0.308114475357108
0.44415673788254256	0.43133294136078754	0.5966174606174944
0.5238719750592923	0.8113030125786027	0.4819857282038048
0.6656136165305022	0.3178064225186058	0.4060644998112034
0.5070743525366344	0.4136657333147987	0.5786160977857195
0.7409555399272512	0.23904186226219087	0.6261670488599477
0.5783916354784983	0.44263975065165573	0.6147341422785426
0.5233206603101885	0.5527454748125964	0.5626741364422995
0.39163605794916057	0.6801188608065593	0.5938541736917129
0.600027886237319	0.7514569262117925	0.1484968543538554
0.5505525928034232	0.5975772398077531	0.33246898502209865
0.5800991614356178	0.49129715153605413	0.48304568676950416
0.677104754507972	0.3486371842559963	0.5562446884788682
0.4698676340820614	0.27503392855022657	0.24535635907314635
0.38473752073406575	0.3517700044327201	0.5040791435386707
0.8055474367336323	0.4801624593620007	0.45040003492849023
0.636077598000817	0.5575463059766665	0.5104416294717857
0.5030938063780405	0.447793241976035	0.45381904664342615
0.2814605940627699	0.6163110758629226	0.66520424530902
0.534220286437455	0.6565028765228503	0.5393416420808961
0.28985667376908936	0.6652938784544792	0.45995852695587425
0.4535767475682556	0.4553855682393007	0.6560658123142362
0.6261933918816525	0.5481279047277525	0.4857854902965459
0.4075379730809022	0.3614196116814893	0.5411199431274127
0.46726974044886505	0.5840840324992381	0.5116694370469522
0.7481410108675042	0.8061304713738247	0.5412588974961949
0.7807688502004184	0.6564566986264648	0.6008804877039835
0.4849694699327555	0.5077965548637174	0.6834893622429487
0.5327050227060571	0.7402586920704782	0.5613492438260801
0.4474838710184521	0.23599727994159564	0.46194943121101273
0.45848188006607893	0.7360814526366136	0.3503462893192277
0.6696398516794151	0.4494508835313684	0.5090886019911498
0.5850029610916397	0.3061727540355764	0.33442550943300614
0.7001421530271797	0.642406065990154	0.43118520597262866
0.45494100081717387	0.3874864573891706	0.377160640357457
0.5992356370581893	0.3369760134568572	0.19813287588303952
0.40386701974196537	0.3367042340788703	0.5032928034264936
0.5477416387678938	0.3009907796658436	0.5128552261825009
0.7118234643329868	0.31326097365216266	0.589129169478275
0.5520393769421107	0.42112464281517936	0.623066551063469
0.620132862781724	0.38452825020093273	0.4346467625164968
0.43793752459737184	0.44019995041195786	0.4958667687710884
0.6288929450293452	0.4237841949858659	0.43682610837246727
0.43343121406763196	0.5595481202706635	0.7588240864414924
0.553259620173171	0.8934999384259701	0.41592401722481964
0.40495092914774666	0.7327971194352226	0.44486921253508044
0.45506079967733376	0.5455746643668802	0.6253831595165403
0.599348620523597	0.5100238454821924	0.47777952265948925
0.6892540181883833	0.5469257485960453	0.5970192436564153
0.15034636426824077	0.559198094089127	0.6034176020746818
0.3660598325415978	0.6420277840414715	0.6798284222123153
0.5366217173166894	0.6387584445611347	0.5779476025618743
0.633344171830871	0.46132271923346246	0.5588289213143384
0.44858844509868917	0.65935066928902	0.5847983567608445
0.3679920411235411	0.349442329186774	0.470918359160358
0.3631859883725572	0.773510925293678	0.5046526597576544
0.6000039395108598	0.5268227952486032	0.5326080134949714
0.3131965444871957	0.4101868407364314	0.6933171870207706
0.5685190470641699	0.4801440537813591	0.35535923089904886
0.4259871316609239	0.3779714925390175	0.6864079547813859
0.5959657059343426	0.43447352036351233	0.39221166821716713
0.7032696326838361	0.30867423374400593	0.7110265106688851
0.39375802429897455	0.3070305558638159	0.41584827288577736
0.6284465840805483	0.5506568338268539	0.6445517516848595
0.8499579343430991	0.6053095847862096	0.5202763691066515
0.5134686655349928	0.5453274748476223	0.46278820782815294
0.3958705357615525	0.5918304531782692	0.46243990931415613
0.3966216613920178	0.6056058950519907	0.30425431200810493
0.4777938517558295	0.5590472961938541	0.3468291864883805
0.5228017457001457	0.33481632264836225	0.7461980622333153
0.5526737691457555	0.686272983942521	0.4512817839961657
0.44971586246724826	0.34550758767119866	0.4184398794557961
0.5479337190244119	0.788527548329977	0.3833614100802502
0.5333595867648416	0.4843676187860307	0.2800014481852806
0.519917057443219	0.5518072865865683	0.5514280430051353
0.34239790234527173	0.4516412824850174	0.2040672945047589
0.5860623683008219	0.4216068702959177	0.6222605649125537
0.3406498919890677	0.6426696372634615	0.2146439911297316
0.25669263198573383	0.46734282659759113	0.31218019017086707
0.49551453986264793	0.4670864402038081	0.46035072608836375
0.5680036956785383	0.5102754898059487	0.5896021974644277
0.25783185552211907	0.49494929766599743	0.4291705614257983
0.3742589099953696	0.6605567831148105	0.44558030944797883
0.19175417370121134	0.5808809929731371	0.4451138897562161
0.6658847437784035	0.3968205481280691	0.42912556050483514
0.24954254038344548	0.8001605313012272	0.5835811803304162
0.5260101358057109	0.4460941364889201	0.2325315058213086
0.7066371863997247	0.3458685095003484	0.558823304538679
0.6536389397533735	0.46598692846977	0.598561521039917
0.5446851846008861	0.519643620796113	0.429841609335242
0.5546615256498911	0.3480024512571406	0.626980675587443
0.6144057560543492	0.4046228087571969	0.5608236725729943
0.3717151285270389	0.4510786421491976	0.5054135263095211
0.3887738997821305	0.43172262387972626	0.211696193966406
0.19419111969306613	0.6104113040019662	0.7973140292517762
0.6539832440786202	0.44016865222168794	0.40172084606001085
0.7366195191616911	0.4836392935750639	0.4417253514189231
0.40453364286017635	0.435407826533128	0.5094194102939853
0.3896569469954433	0.47604333074449773	0.4006574777334012
0.6006597085543393	0.6430512732221869	0.6738078904203806
0.38671074669403604	0.49295994567695545	0.4565896328479848
0.4963694442274885	0.5307333576542231	0.7712045928687055
0.47142247163036755	0.6280428290942041	0.48274930189916976
0.3904798142184752	0.4463879616326775	0.49774569916262584
0.465687052122796	0.5659634711884582	0.4465599074350773
0.46850006280067524	0.7364220640906928	0.50929728693405
0.15739917442132206	0.4490376057625196	0.5315344447245843
0.8755733668746641	0.502524855611062	0.7045980822025506
0.5801790434638996	0.7214768284066578	0.36242155789380326
0.4621451094539319	0.32903179482036127	0.7726980992783188
0.3983373709878926	0.7284564280507972	0.5460711749621412
0.49379643379704297	0.6103177627344819	0.29406921684666065
0.3175065351765377	0.7098385157774241	0.3531803575780684
0.3411021148614972	0.5613243329918617	0.3836879531595054
0.6506956563078516	0.5930539385752494	0.508344264765414
0.38687369087124124	0.3528714405309281	0.30844888364262657
0.4831489524173593	0.47294192443063154	0.1801946626219269
0.7002484371388269	0.49783416441297157	0.4486027315817833
0.554800566836314	0.49436657537890605	0.579597721041803
0.6178714146680784	0.6629630715454453	0.5711119396847603
0.6295904260096479	0.4443678268201701	0.44919295086084554
0.6274430758448941	0.6207515320843833	0.34849348441090594
0.48606882204288293	0.47956045959880783	0.520672066043665
0.4291344017581292	0.19449167661759403	0.5357905350419426
0.6394877133503875	0.43263406319944697	0.6683585420282632
0.744057885687424	0.6630663303570801	0.5279806307794501
0.5243601524222685	0.3723220788071064	0.48589576862001976
0.5453488065777363	0.2682288560675451	0.4748200215938432
0.6216796915992591	0.7653192426378668	0.5870747046841509
0.7002751023144663	0.6505632208716249	0.6468674077661786
0.3479655374841937	0.42733106401126775	0.6540493084770773
0.7066582474094311	0.3610843981756433	0.660199981119844
0.5640346280357177	0.4368885539700608	0.7612088786238448
0.5436671879225256	0.6827364468444006	0.32010192905655255
0.4105409360791273	0.47052511504532946	0.48377886740746556
0.4442103296053032	0.6321515065521829	0.4518258028722373
0.6686173456364549	0.5470866375176683	0.7102822480167461
0.6057569325914648	0.7181465590593933	0.6145480945846984
0.616423799195334	0.402488766602565	0.5934344095725408
0.6462784928242236	0.44580494920210945	0.6811558975491622
0.36869030910795064	0.4306144910592586	0.3446429627193589
0.2475371580546416	0.5485530944418784	0.6543727841768425
0.6348008024994334	0.3804688704538868	0.2082690520382769
0.6702733250538131	0.48298453536725605	0.5152431175543187
0.4442990872520927	0.4055318284460415	0.622250180298052
0.7079205661765906	0.37406007411660225	0.4197247623968573
0.7083204437161588	0.5006410628231499	0.5157059693520523
0.5638213364487012	0.7967512023404547	0.5816577899517468
0.495667996206097	0.5315987925945915	0.7129027375715719
0.4877608635555554	0.3924666706651053	0.5389696974552751
0.3041339613551259	0.3429931820916652	0.30099383209386954
0.4462769467471699	0.8254874721394223	0.7405322310408664
0.5621400200448594	0.5089807455864325	0.8472831966183803
0.39520959989574056	0.4462556494290631	0.6941401319841131
0.33105830612391807	0.589738420657671	0.4790510078123959
0.6400348444018796	0.6831470762059991	0.5672885736814226
0.5819435425849158	0.3617424013014564	0.36018638941507486
0.5960102563026782	0.47000880988971894	0.7349053334604753
0.7610556674870506	0.4967382545934309	0.6400664692695515
0.411353013000975	0.42820452868310865	0.26814163999038176
0.454038666091834	0.7252453667898254	0.38584651243245016
0.5274918839808195	0.32288402065526756	0.5421012837720914
0.6334995272565227	0.40187459239123924	0.5514467338378941
0.6977475828988408	0.7292187114235859	0.48095471189294714
0.6072107640451276	0.6846719202313074	0.6231325643027102
0.3702958553751515	0.3435353497823491	0.4927253179276799
0.42970293300661133	0.8813613090187247	0.6361804700492929
0.5988756009461871	0.40193102053746815	0.5161461794171355
0.5587336870435998	0.591625568470598	0.6693663942531818
0.5938228049977501	0.6250533300322276	0.43992774652252786
0.44255638438856515	0.5829983893511068	0.4149482907607895
0.564707098568528	0.45499762670589133	0.5086350070159805
0.5755243828856016	0.6672666628188049	0.7900916384392218
0.4590360631378656	0.5898735477892175	0.3586625179708563
0.4686366908338266	0.3487047549105612	0.46866825603960616
0.2921888936530025	0.5544211799283572	0.6389303261732837
0.380674376305267	0.5171010691529256	0.46469870814210074
0.8956903977526041	0.6001607788889473	0.608730135168414
0.5355351881959076	0.34214261103005433	0.5820772792662686
0.4359950335396475	0.2890572099842685	0.6146695676415128
0.5457729586489771	0.7349333609288093	0.3464915281140085
0.549005243687522	0.6143383967605847	0.4371738626834955
0.31027084028758656	0.4349137747176239	0.6664470326650067
0.47079113047877286	0.33418965510842014	0.20504662285893382
0.3746587058654486	0.52898393070907	0.461397655424962
0.46661864096343664	0.30778370709771585	0.4710053378740696
0.3616399137763765	0.4952925988363896	0.5370917991992553
0.4600435634008434	0.45319300268431745	0.749151441146084
0.5627462269717849	0.6348458104025909	0.6278773562896427
0.5582983436099024	0.6530466992211368	0.45873713387899295
0.5244720770188113	0.6124436986374572	0.3442381134276349
0.37436552116576577	0.753192105865539	0.5186406311037438
0.3601369695269441	0.36345367144456564	0.5157761511223777
0.3160304707124223	0.4891295143705727	0.2096244673106325
0.3948566371645361	0.4669532450365986	0.5905736435252619
0.4061560034795347	0.3319144266523204	0.688482993048866
0.4382274520208389	0.4680011573712696	0.47534155330470057
0.34802335922549466	0.7211114086386312	0.48196219705608384
0.12969889657791095	0.5282553491217016	0.48966290060286644
0.4864245423555839	0.8095287443577437	0.541390889764442
0.18294664014190537	0.5988805935024466	0.4354601564163225
0.5208077330141417	0.34822039910612246	0.4969754141506291
0.7088286273409503	0.4220972984218436	0.24587369140355952
0.5188066690200646	0.6085416965612911	0.4413611066691333
0.6841981504064604	0.3654507847499525	0.5764776917443223
0.4994686430631663	0.45538586644082985	0.6536337732257268
0.561695231426064	0.3550715762652923	0.5415493132275191
0.4944081094518305	0.4135433342772212	0.5391808225142267
0.38506421298185217	0.5353773906207392	0.6271998979359238
0.3912520431162684	0.3086578350963769	0.4017782242160659
0.5769475250761013	0.3935910992857822	0.554633817640419
0.5375104025439301	0.5402835445919074	0.4208061766421152
0.36999914439784687	0.8493352010944963	0.6343733008032548
0.6635923933333836	0.44822693947163794	0.5787616663573882
0.23997510134078465	0.4726600560557737	0.7573353549587752
0.31489440925657863	0.4411548756542615	0.4772080390964679
0.5068594300895284	0.47990606245238254	0.6287286629524701
0.4306237701059844	0.6576688493922925	0.3152672849059136
0.5098576128551543	0.7722629671275377	0.7271515075244419
0.49259840793585646	0.732019452290724	0.3434671345377184
0.4515890677663903	0.5878000465238701	0.5997871405345225
0.531408665420871	0.676887736410811	0.5058684943341102
0.6342837543899668	0.3773388432765684	0.38119225176836846
0.5092248356833204	0.5261004392746378	0.28175272699207715
0.5320007403068217	0.41592777863952096	0.24175480224105783
0.503361185892181	0.453021871478971	0.4803156961630946
0.42117947840238096	0.6721966343971042	0.8186375880247865
0.342743147257912	0.14512816001265838	0.7609859992637273
0.5278177224539624	0.3176054373812409	0.46183921218561125
0.19472506648058713	0.3304903462228112	0.5903993876718155
0.5286717951907564	0.33502769797499804	0.45482248709309064
0.539092502720447	0.4008916161426114	0.23879174486199456
0.4959399138360686	0.528501516237349	0.5476489317304863
0.7687083100485957	0.5749431482103918	0.37793161552802984
0.5226408584625075	0.4108022444452353	0.6327275121538193
0.6695021927894461	0.15144819013466437	0.579405566100713
0.5244193872759615	0.3519604472710325	0.5536715229463673
0.6665442198845268	0.5701530059287686	0.32990434856286155
0.4033792563221768	0.37269186466716925	0.5618270359952583
0.5796438754427302	0.4310234631673329	0.5463952837432321
0.44351699713098247	0.37351916051066236	0.8001749517685863
0.44151301259463815	0.44127780219785717	0.4060127781286276
0.7450780092795968	0.6032345503387766	0.24568181670559136
0.46764771223502183	0.37981179971317236	0.45866136628019905
0.4101869635288631	0.3036739786211742	0.44835713487467016
0.5737886743552452	0.3569436383766627	0.6835137203052954
0.3947982236314238	0.33151984661284917	0.4637109265820862
0.33334767809669463	0.6423732912244576	0.598556154270211
0.30072854919346226	0.6052524633905669	0.49824187778357626
0.6969951123221532	0.44894337343952523	0.45909300075261006
0.39235456142346725	0.8036088345033994	0.40469750468546634
0.3135327167541694	0.9423407507901402	0.6899646235769773
0.5770985808729084	0.4360169461910514	0.3730286271057651
0.5978641432260681	0.6155642348996987	0.825645768324792
0.30140098718310404	0.27195175695251705	0.2986623043433714
0.9122650462393651	0.42850697136360627	0.468496308415797
0.37950221968851694	0.7901325148673828	0.809029399378401
0.8238359030158011	0.40225835746724636	0.3744534521613996
0.6297171610416232	0.7101320177032051	0.576735270224033
0.4712882622554746	0.5934495530726864	0.5070497258173141
0.6574924160976618	0.6589565011531391	0.5071037524493514
0.5343183068901823	0.7741638266803635	0.6554329145704958
0.5528213500067881	0.6138119074124875	0.4744074675012981
0.43851148457236067	0.6196681428048749	0.3803931586820736
0.5808291219376067	0.4464924732361828	0.5079496458506921
0.11915033046485268	0.5295717064892533	0.7249944940918078
0.6413903403202212	0.2687327903721336	0.28619639641926686
0.5872531050722495	0.3843796945854575	0.596445851251342
0.6256456365415308	0.43420023487770115	0.6338039764693075
0.2512010567313833	0.3365420845024467	0.5513503573415788
0.6229890620004657	0.39796590333607107	0.5670954973144579
0.4370237205514592	0.3840564083702126	0.4425985505667043
0.5835663774285649	0.6546513390137543	0.5866273328084771
0.5405254650128625	0.4133180285832399	0.5364509670259533
0.7895886619985035	0.6326683239761937	0.6293709779424377
0.3130887343231983	0.6158783328186973	0.5362636368024842
0.47470711994707776	0.28688231458793445	0.5843094875776402
0.4776007768753591	0.3709941674850238	0.7046112520519975
0.4155798275577667	0.49791971142092517	0.32799833572133763
0.4628981173926806	0.1746128309741211	0.4406029434983804
0.285938864154884	0.7537147658482994	0.546586104478449
0.3939758757270637	0.36153501890663065	0.5712784757899181
0.436005759474524	0.575480392238837	0.40515799826118354
0.6168066937735743	0.5149120908005743	0.848252224845446
0.7463827455995159	0.44941387859885473	0.49657049179741836
0.6907149144522343	0.35846833991128213	0.5913637332574027
0.7630211329148736	0.30399000486642846	0.5343757336845644
0.6175082337421611	0.5252997851084988	0.5896843901484052
0.6715875802103946	0.35372444261256897	0.4954426829503054
0.5277588265110568	0.4717413210103414	0.8202294923885218
0.4569467561582587	0.49693825936649794	0.47232065619083113
0.5365179549294846	0.1707959762504197	0.40586185416691056
0.6080470857518004	0.6332065599411104	0.5179593849081735
0.20877610498476912	0.5438107119195423	0.4553818342423938
0.8041070740317545	0.7286038882830443	0.4643340614726203
0.7453203383020136	0.4595391324151913	0.519162270894419
0.7070764508618534	0.12085195229337914	0.3072270268897048
0.7362782756941324	0.6995116855816268	0.6709700524493895
0.523432069013032	0.49965596319120664	0.3629823481205854
0.2903255888593101	0.34476248153172084	0.41430200245571625
0.46612246552400777	0.7318959561405267	0.5689735988740213
0.5732826093632247	0.575985664627644	0.5823378310051217
0.44636944384735444	0.508909756148399	0.4875562330168983
0.8108869488558397	0.15623358008317434	0.5223708812842986
0.4628533683107486	0.7678220064509014	0.6838406842786308
0.2740340721400539	0.5483590925438954	0.31532601049070763
0.6723559123942522	0.4684495464877699	0.46915680453499553
0.4210544503153065	0.5530539342392035	0.4454466096915686
0.7428575965470625	0.629215959546658	0.4237904938818453
0.6620436680320154	0.33658659721999595	0.5554633722232973
0.44028446438106944	0.644844264136846	0.5118055376951157
0.3471556116628282	0.22618613279455113	0.2829545602804847
0.3331183399270038	0.5682781113226539	0.5116205064635094
0.3307045023885432	0.6005948556350591	0.2119505787877951
0.8714905554912862	0.41927613315315787	0.6221263881622788
0.7222476522951413	0.4172573191786776	0.47628918955051247
0.7200206671088698	0.39195448066794764	0.35336430106260525
0.5119124060187599	0.28039527039676077	0.49180012062103456
0.6110425445889597	0.4824246589591984	0.7189979366333286
0.6859345825100341	0.45945252249679275	0.7298363566293152
0.2633469105045394	0.41444457060726175	0.5650894226536516
0.5123777430475065	0.35924846561009516	0.3626805930406457
0.47182501885568434	0.37948658977176636	0.6009159838837889
0.5751860622640316	0.6357535260093373	0.3923775729831178
0.5742225118622315	0.3245424977022348	0.36451892442331724
0.40758528447933534	0.7863080034625831	0.7935758836474756
0.42099570667926045	0.5822109887320838	0.3683445468053903
0.3113482623945231	0.67270846557459	0.3429962952181309
0.3814120926531057	0.5905390181974066	0.4638894283430494
0.5657905535805127	0.4765558384888699	0.5967675276767169
0.19078909161962126	0.47314676329306743	0.41355130646972016
0.574075592661205	0.24227301804466578	0.5656536578089462
0.5907994413822719	0.4311551032519563	0.661831419022532
0.21739214881486474	0.5784038087551734	0.6564839818942579
0.49902358456019985	0.5118992101328644	0.5884853499040513
0.6056975106403553	0.43277310387857293	0.4588317617841666
0.7030366549162324	0.34104938980262883	0.5492128743381144
0.48052581567638686	0.618601033588643	0.4019727788505594
0.2658107108910778	0.567610410188278	0.7080472175896132
0.32025102975872577	0.2914202160017984	0.5264475719726817
0.44613300256615906	0.5411842074774429	0.40455354261518156
0.42219838596105674	0.5592803215920938	0.591663673112352
0.5654313476289936	0.5169153919021765	0.5035483850518185
0.622529231936155	0.6302890976366682	0.6468345333727628
0.581720421332421	0.5270448639249219	0.3633106275004483
0.23790020507047932	0.3336512886108587	0.47024000742566247
0.5060223755056559	0.10509912707824637	0.5516304061582776
0.7855961646486289	0.28362649255989336	0.4114610597847975
0.5955454439951784	0.5918611218354638	0.32736689822888304
0.3712825639641072	0.4358510416275959	0.542468887929626
0.23240284985759468	0.42964644393369433	0.4759249636702887
0.6177244737460514	0.4160926092960919	0.5766887693979953
0.24709235809560393	0.4051480921165514	0.492076221959728
0.17226402294931292	0.3601533665255502	0.6487903322705524
0.7035351139792266	0.4254208566570947	0.48861168285906814
0.27627147649636397	0.48281144631376005	0.40568809856152965
0.4668893992644674	0.5105214609197364	0.6994654156709144
0.39390854723207225	0.5372316464446865	0.35350742299256155
0.3294949348185199	0.6360371465360263	0.5563357126413574
0.38761052992496264	0.21913179649703507	0.2481449293931356
0.4338041601269613	0.5508417248480766	0.5398443943013337
0.4156102836948648	0.4340409502453203	0.3970764576990503
0.3582982278900517	0.3497337797328198	0.6189863277846002
0.4445818591086106	0.4907133526140898	0.5091454773334976
0.3019449603217669	0.7750152991465515	0.47995955388443257
0.5094910955239372	0.5635242353407918	0.5612619681826849
0.39956065941383806	0.28150820422556033	0.40533164779631586
0.5616568417541189	0.21023747914046875	0.4999047772701529
0.46585454070427595	0.41120223579467985	0.5480444118549843
0.8228851083766774	0.19620762989648116	0.304605901277902
0.5317297021432517	0.5428249068569999	0.5304023187341013
0.6737372591956858	0.5021366109119381	0.31131660712893205
0.3229400265070185	0.5255596693602466	0.4722827343733457
0.6848005808158684	0.5376392120250321	0.47083468272673845
0.558547465135493	0.727936721063426	0.2941412499756929
0.5261982424925767	0.5061841402154085	0.42816816422010784
0.3146206069124723	0.3494490880574211	0.6754591623170177
0.7103718133576644	0.6679528636488521	0.5430230466110558
0.16319095985655224	0.6326868815541162	0.40943521745164335
0.632866977941937	0.5867552625555406	0.4470868055575945
0.4899547801227152	0.6035061036890585	0.4018246151119308
0.631314404236258	0.14824981397339737	0.3804676574286755
0.4564862534083804	0.3097327684892941	0.3500540472988456
0.42948293213225597	0.5884752948917623	0.5089080412932712
0.47543620377467183	0.6603115892376509	0.4809997460728734
0.29261671797885114	0.4237830375948438	0.3120004153459915
0.7095629024812788	0.38858756389491855	0.3949768219621306
0.5826027703785953	0.576696762828052	0.5966194341728869
0.5597026001506532	0.5344332892875046	0.44346814328959816
0.6218277098731622	0.5855078434784866	0.6510507471860528
0.5625662547759459	0.3856013590503395	0.5595818522870825
0.5422855160819008	0.44996748281759846	0.6163372121623809
0.4493817232829129	0.2588828233193582	0.6064830487974782
0.7692882899168725	0.3984382986741258	0.6491880393963886
0.3629882603291349	0.46488655045135063	0.7801363692739594
0.6362858037325334	0.4816669891734547	0.4111069218097311
