0.23654262891070355	0.31238421780575965	0.16165627974282926
0.48503311435654495	0.8038668120266197	0.834137275874383
0.3465331687971396	0.9502872897066109	0.6941945175459829
0.782502368403188	0.5175070094214906	0.5371806985878272
0.3757870374776471	0.48759126904106276	0.7168279056417887
0.80901321907079	0.43298678156427284	0.1540486182876779
0.3754021530688475	0.1869174145558402	0.25197916864982617
0.24975209253088304	0.4075853969555385	0.6451660479112677
0.06841525576545826	0.6266271476634204	0.4871272419345769
0.29083803202254943	0.4510862376754772	0.550071592457163
0.37207381066564393	0.4283679209358987	0.5936487779842868
0.787309343777397	0.5434028027646086	0.4755629544982999
0.07409940293597228	0.757920237218814	0.12573944374740365
0.6379628084843075	0.029976636934671896	0.994338577600181
0.6209848691249145	0.4575048738885342	0.7150026801011793
0.20476349653581682	0.41222888366373356	0.8178808492228729
0.9095727912160497	0.8200741083122606	0.966160271935197
0.20651949686647153	0.5915855200549259	0.803365409446874
0.3370122041508229	0.2944168597636446	0.5536607162564737
0.35915379382409063	0.8601162334483575	0.3836071496714326
0.12595645257021815	0.3244587316135089	0.20326328339220534
0.5368299584205266	0.8494940834653898	0.049134308454851894
0.19135214185053262	0.35491103764791565	0.005001298587126057
0.940521291340569	0.7474184596924844	0.5440754206548417
0.9462618510373785	0.9968333655425697	0.7840193813641636
0.407180258932496	0.7584335176318725	0.02255494591838736
0.7842265139458547	0.6819467738181565	0.2629279188315454
0.21175135099282694	0.32796119212059727	0.1996350689990738
0.9714614328837728	0.11642786682714446	0.8776192363505502
0.9078478950775108	0.5561714029806081	0.4558477080167208
0.6597318679009357	0.32827250552370824	0.16836112579741735
0.4995646525268226	0.793102109168919	0.8718896878944602
0.6780866482917448	0.7981903182416005	0.3229502897515518
0.3665670781340621	0.883721803226305	0.04107432705593872
0.3155552558103122	0.12600440984128636	0.2913918277823131
0.08400932096084746	0.5948797012181164	0.6269034171366079
0.08419775512140049	0.6182081490461451	0.4298492610772118
0.8548449955611372	0.039549916737780966	0.7295024276214823
0.5225217159809553	0.6723786119894435	0.330859497880452
0.9109021452684618	0.38497564012848096	0.6018421869934214
0.18084898008890504	0.07266698207746569	0.005121456343911479
0.38648369773487923	0.6873536816828151	0.04069836397820936
0.9000775331360036	0.3133269023063612	0.7813539942730026
0.44506302339748427	0.6883383381976234	0.6342047765010054
0.2334268431970331	0.6442251127565679	0.22120835529295657
0.43024913843291823	0.7813505654838107	0.7742486833954656
0.28361483022760725	0.7543949740929999	0.841147490041359
0.8692186798016237	0.02695834833835442	0.3458847378358193
0.2717464648734321	0.7693117937024867	0.7373576482416644
0.9263980655119162	0.5867898619217696	0.7070768826754946
0.261521910258643	0.07378225519902981	0.8794748523825994
0.36936845811619046	0.8376497392530927	0.5214252991625089
0.7853982397573881	0.23791355836388284	0.007043567081723712
0.4793260886457852	0.9994917730744062	0.9044864729765802
0.7309627932345482	0.49586529040426275	0.12816604818337052
0.22054277382530119	0.049451524380326184	0.424825514219454
0.4935212668281229	0.3711878931741004	0.8976633203329747
0.3437096901206612	0.5653100978705734	0.17455806568048016
0.11560535131742711	0.4943377530197999	0.5624141927456305
0.3680232735564115	0.8090695958164352	0.9040360420517921
0.6724257404518043	0.21399986018327322	0.2532708492652437
0.2213630118814336	0.31423336648531397	0.9996455732209358
0.8167955621299956	0.8592420812365504	0.7560410408326621
0.19663453445062196	0.12411733152894056	0.45964955200981583
0.4484454860773105	0.9517681441497223	0.8384253584571081
0.9912693236836194	0.6914643852807583	0.4883881642728498
0.8206427973714708	0.470610595266033	0.3125242629927478
0.32385993100742083	0.9771848263675647	0.1187594597408479
0.4520270369947865	0.25630744681099116	0.2885385699005686
0.3430697903630109	0.07032102588589861	0.4987186704805794
0.18562379046424682	0.4884691342152979	0.5086485112320273
0.4943887828220539	0.1446804713644262	0.5251548374416225
0.202844350939701	0.09399646233995107	0.28177139688068176
0.8439943182832882	0.11151217456853124	0.19204381016899885
0.061562793137988625	0.3304907213806736	0.3051950148030609
0.6914479996593701	0.9723616247610366	0.5099481191037423
0.30590411743138757	0.8839533955025429	0.8446651576526764
0.4051639608616663	0.09086918881030304	0.48073008316508437
0.5429108490737192	0.7227687678417379	0.1986474630020122
0.9262159320298392	0.9516481794564917	0.20491596586256355
0.4841451019843187	0.3944444434011861	0.9024670937047946
0.9801159366356103	0.4865688573310263	0.4764113753144018
0.836799136146204	0.7136510152166679	0.0504321694828731
0.7477552347338403	0.6238585838278746	0.42046885660233446
0.7192722972101191	0.5302315250301369	0.7398959868623665
0.6638760118526958	0.29506613467055853	0.10393846853144639
0.1310526018095628	0.6981044852585245	0.419659115169158
0.10593277108092425	0.011297029228502842	0.331051926172354
0.7119072678066867	0.5258686462119658	0.624538969267872
0.5786829277968271	0.08666757160101002	0.4580476826869767
0.31832461640255694	0.5837403186514346	0.005003905086002458
0.8053228445574911	0.267305796558165	0.9683165048661373
0.6274630786440459	0.023768812739048517	0.6946849786145207
0.9130356269240104	0.008362192819516778	0.3648201959136723
0.3806370143705432	0.040589147781765034	0.7157753557527061
0.07514193278211267	0.6694217021872919	0.9632140937701394
0.6738363138455735	0.9191807696661274	0.2464032193093607
0.7408957094025049	0.47035133096862825	0.4119608429667291
0.6082403314468746	0.20795295338032227	0.8373523153269069
0.2941742821483806	0.4586926919700429	0.5725196098868607
0.06753836934207247	0.9014365748125966	0.8895829163002102
0.281243331399335	0.7289825611282872	0.22170585948123112
0.005842175784395054	0.8079790505023335	0.034365092678456666
0.2558274427853461	0.43445687273757416	0.8572571982216265
0.6916672123697922	0.48566467516327094	0.9955864634957611
0.14222291657996522	0.16688893184277154	0.3959558697277419
0.14723395820557106	0.6080197557074261	0.3148816415757929
0.12518266689917834	0.4162621955094231	0.2426248143436721
0.30609852560205497	0.3531769645906485	0.5058611297522395
0.495996593352104	0.4135372030061565	0.2727102354540394
0.024735979299752575	0.6796529497777116	0.26417370971687526
0.3427169939040119	0.23677377795142784	0.5983114114519431
0.26520157207562833	0.21785000445481417	0.8589260257650095
0.1917473640465056	0.38313895761115324	0.8383281646143544
0.22424116451033194	0.31283013239139457	0.39162549277640435
0.5801381163314315	0.06125921276851776	0.6365265437422741
0.2497264105362077	0.19855412817946827	0.10382926077286736
0.3430192889426379	0.34781097405139927	0.7698778518849154
0.22054073440033506	0.4454269418257887	0.7676159953564023
0.9398695680771089	0.9323492945947885	0.1420079820645872
0.5955394813588488	0.7804202154757417	0.9057748544903116
0.3356630353360236	0.5489648961653626	0.7742108237018397
0.39978035811764223	0.3446325325658546	0.7519693342691405
0.6083206222128738	0.1271644456345118	0.18136247488485968
0.8032340299594249	0.7986481463293474	0.3000652848229115
0.9609176994408595	0.8793486250245106	0.7485884774755177
0.8889687967476166	0.18469523955064204	0.5383799583768752
0.7572206508190278	0.43447707098995225	0.912134888970539
0.794112255315497	0.4587100848501078	0.9705970457032008
0.12146880162126161	0.14200743370024027	0.04844535395322669
0.3353686622406178	0.7503289289547201	0.8022521871541208
0.23139488163210742	0.7826412868580946	0.4710633489258247
0.17952554749606486	0.8167400037585488	0.7735666274453361
0.7260967123636985	0.07124075363664628	0.41846445330130067
0.14628109728371352	0.834177245557339	0.21850567912013708
0.597454414425578	0.570837429229339	0.36947136626799426
0.9193309355542548	0.6384714890193631	0.07912353492878299
0.6969187366137632	0.5055917282073027	0.625380046295063
0.08407685582121616	0.5953219750912994	0.7141451088667952
0.7979278169435934	0.27133696169187393	0.21989152595040407
0.30662674257713074	0.8054929240658404	0.8521748373451639
0.41002928242698455	0.39687950166794317	0.4354268300782047
0.9627867590421323	0.23833441867572402	0.9198883421739742
0.10261606079296559	0.14251373942199186	0.8689416098764852
0.5056695219727414	0.8511147627982176	0.41065801023597814
0.3076489278471186	0.662133189604477	0.9118618401632812
0.3151548289163826	0.9460879017240609	0.20191829381368875
0.38433491992349833	0.8957124873599189	0.16239133913244508
0.2900539404086473	0.7225750411953944	0.2603853786156024
0.6124534324174146	0.6160631989998515	0.37499495083537804
0.9127722958893906	0.9108520752028868	0.7084900694186449
0.27366913895609823	0.1420115585583922	0.5123451845062559
0.31285006714516206	0.9077829976752866	0.039935489527177515
0.5491274120634048	0.27844366460803627	0.8214946122409174
0.8726759125110087	0.19754503525125966	0.29667268235288136
0.7519977649983199	0.13846964114245652	0.8226870487840329
0.8545466170120851	0.08552120594765467	0.9184785843647691
0.20432811663364747	0.3304685663252712	0.4368823572054439
0.7586160915633546	0.7393876189683225	0.24634306860319766
0.40965218726524244	0.6809649857193592	0.8426619896404144
0.733066431566931	0.05655004439866118	0.9989368787088997
0.5776151091467473	0.2681148683294279	0.7401146831327249
0.9638581830480997	0.5700683778714346	0.018330603985416638
0.5770685249710253	0.28018076947570825	0.8618970170486419
0.06760649110347883	0.8808069182706411	0.5771402154724466
0.5422148931211898	0.4386137133710667	0.3053373893278116
0.7209409304786943	0.19645792782475058	0.028959767607742215
0.6159494937981522	0.37421746652035515	0.09893901353299894
0.13087827449265954	0.48078081907578885	0.32687593756424593
0.14154515670501366	0.35627790612149857	0.3375140799539351
0.7303476544731522	0.08286208437244835	0.8539066533681592
0.484019264799631	0.7238588825389433	0.2456395189745949
0.5371900630713518	0.5349184350504401	0.035105349490247795
0.13664563309981648	0.39883208665037206	0.9092263986591815
0.11036098491553281	0.14264211722016307	0.15075453571698572
0.6627988078012665	0.11711033030965134	0.6047438209186062
0.21612695585757602	0.4838920508696315	0.6708345734416707
0.3787337006159862	0.49361400892450014	0.69021461225223
0.4767677766771097	0.39500972034580384	0.7376465384613673
0.7936739088417217	0.1348438233182715	0.6138189961454569
0.5004351328096415	0.9564922046957581	0.4771307638166835
0.3318268716215105	0.8436386307384474	0.7513816201707502
0.972723747736541	0.3528810095628926	0.1726819995304507
0.2286522158811295	0.14239604393747496	0.5171457950052171
0.9788343279478526	0.044638425870157206	0.9910653077802615
0.6903530300711284	0.5633680846328104	0.2180787510885428
0.2895793406242241	0.6010099306897697	0.6721149206111686
0.6660659213462766	0.8294730802614033	0.7036357978976486
0.7867437513744364	0.7403050934438876	0.8988572007731929
0.28426181863102395	0.7263192541120069	0.3872531131598902
0.5180189924214589	0.8501199756568475	0.4237699853280753
0.9119635636212771	0.9890888964736982	0.4641890319754908
0.6059185051357265	0.553591256403203	0.7971303413276298
0.13115096364506218	0.7628280834506426	0.9944007956574573
0.541955838038304	0.26981114898388925	0.029614066292746655
0.2157827007169396	0.4495887910780264	0.8834875657219862
0.6009692581685467	0.5868456966848362	0.0008220947079151664
0.8584999334902165	0.45949837980733366	0.5668368220607187
0.8398074438525837	0.5826801571210147	0.29152571199053356
0.7458915810562452	0.7411174052584918	0.26904729099816227
0.9586243608194452	0.9349795409150422	0.9428177705823881
0.43636160762525134	0.4242219898019821	0.8072007964239065
0.36662249254874624	0.9416906644319953	0.17618944467899067
0.34254169171049764	0.6462601717260804	0.5846409454553805
0.5339321638230234	0.46998848590747655	0.4933329256390008
0.4017678844806497	0.14939633206272507	0.46190234448328205
0.377736362632324	0.6866346366067293	0.7904750851002336
0.7401525343765423	0.06607802269363083	0.3153406223634079
0.4569802584288435	0.25234651001402264	0.3460404144150818
0.5301817225950868	0.6833396649164717	0.6501965425184425
0.2646120637860895	0.67935560600577	0.30901617545611615
0.6303858713611343	0.2957132079882234	0.49858611729230007
0.23626854550516252	0.11189842945207207	0.11082717012288945
0.5795193196415946	0.10436855988834948	0.6473831586770395
0.40245822159794054	0.6948018174363307	0.8937497848247187
0.25652555696153867	0.9561016159756365	0.44875595534032153
0.30492842748176996	0.559902049592239	0.14964869184300345
0.8059165365318494	0.22783630391713938	0.028580858591415015
0.22508703735723556	0.6948284967121481	0.6947731998101273
0.9496064519975119	0.8008041114332347	0.4162314940250843
0.11192450644138707	0.6063170448704944	0.8045733762824594
0.1008074279557698	0.7489657947893694	0.45864978484383656
0.8829326192496337	0.13884330003853196	0.860027246622673
0.08527246460662719	0.5979563925631018	0.9368126681857324
0.94945772139438	0.8092758664347984	0.5060988841632594
0.7914966025279471	0.46954307242213367	0.8708218594367977
0.34573418420571644	0.5440482734822303	0.7550505064579299
0.5878041132681009	0.3162837071222614	0.5269845637771888
0.8556179554656441	0.04885852884091657	0.8035392531539637
0.8625667163837287	0.7682413688331733	0.8041789500375269
0.15182179941700702	0.18919020465898384	0.6573353479522536
0.7196222889673913	0.5347438602459744	0.5254025615130391
0.5145157260466401	0.4061103171105247	0.15972743716603566
0.16853942912016295	0.6576034329608424	0.8163985364477578
0.72599482591405	0.2075659356051628	0.7481549433267141
0.5437538196820814	0.2646991862011936	0.28030348571959174
0.2895447725825444	0.913103461159925	0.04051237717895362
0.8200533277805784	0.03715521205963934	0.6455837236285261
0.40634972464904384	0.025408414993987716	0.42968749943415097
0.4001470430841729	0.6980897802667234	0.34573253386530933
0.7649275041520686	0.6401182219221888	0.5282719092639961
0.0677238639879989	0.03375150882714606	0.9848908252412302
0.3019246012836234	0.9862697454858175	0.882185548173413
0.6211967603206121	0.17151075142030314	0.09187468886217931
0.37006416367484707	0.2262247309157681	0.05861821341661699
0.299300299529221	0.7286837918595764	0.3908519670919971
0.4929997169465443	0.9882389350725285	0.909170830289896
0.4015864347109386	0.34215779679825253	0.5500641468827738
0.5617734968903547	0.7987396015212376	0.38694878133120925
0.2520224204990221	0.6322712474611794	0.10250618396466593
0.7225844621273472	0.16221429132389642	0.7619337120376224
0.04055026541725937	0.7621518332020909	0.06448601627556316
0.7018867039501325	0.31730530688596326	0.37190356434525285
0.07473901026254282	0.9196347376152281	0.6313157203756816
0.47826809974269946	0.9212147860223441	0.42487407397568655
0.3242976825127386	0.2606232775688039	0.03068420360506796
0.8712781504745897	0.4216633429285598	0.8766125104648034
0.9917834050196004	0.9198413473127013	0.2771837630733083
0.13351381410394647	0.7877964757112428	0.9413321991031759
0.4186684381234179	0.28561865202809167	0.1239727947824566
0.07588999291115883	0.23365352434991116	0.8921121232544486
0.41140704436466047	0.6858855521229518	0.11752063760061626
0.20832289860165687	0.3015230944803239	0.4503728330757232
0.4312607135048817	0.7136599901989374	0.7995847045557726
0.898746232270243	0.3656103769419444	0.8493211012250436
0.9488389865435539	0.1012987000634995	0.34393854886811515
0.9330982968279141	0.050552026684886786	0.4663499539409207
0.8771389941450348	0.2884556469734262	0.15085677376880258
0.07564109430793997	0.8785389966691705	0.07971253640000786
0.8872617102208566	0.3376549500128123	0.5571288699401135
0.8876221765014208	0.18828814612909883	0.8428892706782447
0.25531566930827543	0.30248454681760273	0.4850415117564342
0.6814971117108197	0.5542648231995753	0.881466424918051
0.6488140344224156	0.5122484560325689	0.679319827497321
0.45198192033457907	0.1036530004734979	0.7273446829392709
0.4063583422817566	0.8863904104877096	0.7644681646539385
0.15188073728289642	0.06284786157308475	0.24704319659667207
0.3756207369700296	0.06049086693745409	0.12932063990199705
0.25646657921970717	0.17072650882324159	0.8429601106014275
0.42028195552079106	0.41014670702377154	0.4340637611011601
0.42185451046457556	0.9195659432708952	0.4996348669979087
0.38407635460348066	0.05656515011271923	0.8215488239640628
0.15118744678311047	0.32385914304105645	0.7309581779338472
0.21226978123169904	0.6322920155339095	0.051975771562337014
0.6127485913291302	0.017225669249633646	0.4305872962090901
0.24866390318098042	0.036974737492318166	0.6237139524908231
0.23424950153299973	0.5459543814138766	0.6080650158587222
0.15079609387377646	0.2220852095214657	0.046984276635047784
0.34101332773351956	0.8007977704459545	0.2366705534997794
0.7768241732901617	0.9084963784782373	0.8060750436548322
0.696319043181625	0.8524491391745066	0.603175001515987
0.7642144334346215	0.19855544560263516	0.5531118440616707
0.32183503046388917	0.80234886561428	0.39783984058917987
0.7898075536459533	0.42103791638478805	0.550477208426629
0.45541842589460135	0.14963349530341974	0.21858381435254115
0.07996545865418125	0.164136159665763	0.25658794375841554
0.6616107718984522	0.5812819018954782	0.5986454696375819
0.5007145541824635	0.6990823464133888	0.8945797872193418
0.9105036564184916	0.1497873178888155	0.35844849668982826
0.24888617302972116	0.286371292780081	0.6778279949931527
0.33932412884752416	0.13024066867097805	0.30481381028771193
0.814678904743274	0.33539810074036025	0.22983246488074538
0.8702430606586771	0.16706981167815194	0.19765956271464624
0.008952872170316262	0.5242954210703863	0.4424914456210959
0.5526750737820689	0.3654485533602865	0.9718349843335654
0.8930178268935905	0.8899938857660357	0.7477158423625044
0.5711472548638153	0.9670951611347972	0.4809229662739857
0.40300283332185416	0.898531221311976	0.4273180488410604
0.5631692621772341	0.9113880067166	0.9273556073131815
0.43984086204951744	0.38832706164600295	0.8233410633997594
0.5215814291450492	0.6563302906463179	0.22746935577408
0.6474284691432769	0.09501608666497952	0.10601166903835002
0.800614591087462	0.4087403766757848	0.4879053315475165
0.9789885928973882	0.7011022115639735	0.49688819122865713
0.9600233774789135	0.49645065171102687	0.15864871232864863
0.9939387733292775	0.2934273338116853	0.15733324623618394
0.3673982220776191	0.6361779715702216	0.7341892281276999
0.30840060537887015	0.5586411311275679	0.4233882925921256
0.05181820023972594	0.34060988021318195	0.8063215674516273
0.5467585223616034	0.9915471275993872	0.6069279394863878
0.38537628420189296	0.2842388739881129	0.056254159480305876
0.8440744018726406	0.11172782796632041	0.825998918077878
0.7817239698100112	0.04747644572224896	0.286387192826719
0.6389579746411957	0.4032694231777727	0.7595579561104014
0.15331771155634577	0.7890180711298974	0.8922299403460917
0.3290577082820061	0.7259756244270316	0.4781491214255075
0.21548586744546916	0.1403655993812578	0.962420841722907
0.6786867912236703	0.24806780323458621	0.6775023862155004
0.6119906196449988	0.6977163339484715	0.4783839372292745
0.8073429958922227	0.24777474298807156	0.14414718843889707
0.9330836490930313	0.5581273576984662	0.6285967206510545
0.8520263696848234	0.011819288028496966	0.18576226727690714
0.11075840258615788	0.030460368397428383	0.511430853623168
0.36621696440973084	0.42896057760116624	0.9017334035143686
0.6673020484270791	0.6056657133422088	0.8565289362481134
0.24867582819408807	0.006104802523937636	0.094130423078017
0.3924209924159152	0.43708545494676	0.49646133268167913
0.11387826928476075	0.33402856941489667	0.7302011360610843
0.34469958565527303	0.5133608207831865	0.10000219903112895
0.16310526622207622	0.7175620353572267	0.1703154049709461
0.8330904117183555	0.06539737679503632	0.8289847485588829
0.9782391371329427	0.2764285487113084	0.33586654141563566
0.8155123484450736	0.7595555824507183	0.9314170824020438
0.03650248600709194	0.3890063661757236	0.5885059598665352
0.39528108206610635	0.9924947052712374	0.6912624976823201
0.3994073083140255	0.2951226489967719	0.39244997775561086
0.6922316609952957	0.6882945111542542	0.9451570241451124
0.6706210405644061	0.4070028566916606	0.4951052026320396
0.09537213935593147	0.9197248311081963	0.039885271271993594
0.7802552976477227	0.6333998636181658	0.9648534199842757
0.3577475611317612	0.21947163126248947	0.4112290103250337
0.27423759171364104	0.22334240638182667	0.44455121363760985
0.31583351428913964	0.7054557209596802	0.006911888366667784
0.7188731923266483	0.9614520730558408	0.8873031716385835
0.8468360423996946	0.8468911202172522	0.3521877423249308
0.8128837935831351	0.10617521154934406	0.6948659815063334
0.46392734071366637	0.8557053511573184	0.6089786920185447
0.25391910734406	0.474637489195017	0.191909176654528
0.36143525207316496	0.3104184582975289	0.9977785709322745
0.2053183669165377	0.4026916070770108	0.5413657716362711
0.2780837129130842	0.7622950431646397	0.27245851884094063
0.2962867711964703	0.6535822451690277	0.4232508932438901
0.7661315493105747	0.07707111911316133	0.7689142547638085
0.2838053217199066	0.7112949187914049	0.43292703411552325
0.46665199443385663	0.4529903650157623	0.1703208126083926
0.4048340886289471	0.48001470528538626	0.5260897259340083
0.9775690643501025	0.8625905995390271	0.13709385021876097
0.04958548762556558	0.7583975215919763	0.2596866070546534
0.7202757152563609	0.7164562488385836	0.8637409545477787
0.4383450307433322	0.019286217132422623	0.5846665534439137
0.48757780459100175	0.4845674287409729	0.06571821220898322
0.704536943036539	0.46204259125693836	0.6125635933900712
0.5410437380615931	0.5302714551351273	0.10147973123488718
0.720622650941645	0.6870059961911454	0.39237400265687905
0.25200632506837706	0.749750039458236	0.9538358174937679
0.11966877107368801	0.31920768756618767	0.0029892559283642983
0.8219034153782059	0.2202570377216172	0.5774999994035569
0.47080865282787143	0.9284727779472517	0.7604173645055211
0.5764304274632003	0.789120347271941	0.14592522183502732
0.6349985380462907	0.8344605631701769	0.7798050405931073
0.8674119237421785	0.5643785158252261	0.04081940978101628
0.813550833017568	0.8709996785089706	0.011057015523698865
0.6544464581286061	0.3831350501514499	0.43334422504254755
0.061000555625143615	0.6440053178640449	0.5943845359970046
0.9278296177978167	0.6305772054671973	0.29970943219782564
0.765568982868453	0.1177433888488425	0.9603432714157234
0.6766056157962519	0.18567233795572657	0.8014612333228502
0.07012920106670639	0.4599201311086627	0.8786147611653959
0.430042893024421	0.46652728529460497	0.998947713612541
0.09276820376863748	0.5753946922619911	0.7033770187760434
0.3636570876506918	0.5459778955103299	0.47906204350079995
0.5781166183523401	0.928721393232674	0.8873417462380966
0.05276332242096071	0.9607508450947608	0.1561879375184977
0.9902987044792168	0.5146759265067968	0.7883054737059398
0.5402752792045076	0.1843570658342505	0.3677100774127865
0.2391422917358762	0.3969195522644151	0.12861649612310422
0.17916575508249055	0.1595388481179435	0.1873417226129832
0.3840934927092815	0.42377601427106293	0.21296704275818545
0.5460854599439257	0.37013867287427327	0.8316711620038911
0.4984185251875147	0.2506944528562026	0.32316760880920303
0.04925900504142677	0.5859736966326669	0.6672402838239406
0.27013909949064996	0.8990827835756939	0.6249171422459563
0.35147398260411	0.4590933669231575	0.9733129024043087
0.4237369927209982	0.01904123527792656	0.70497837613759
0.34204223524447697	0.5879979619387095	0.457299178479573
0.29149265644689093	0.3805360601135409	0.2277832965561314
0.027746475029269413	0.786474536140245	0.6384713143580995
0.9255221096866452	0.35226907287789666	0.7537585957448967
0.014136829693071618	0.6904199060705231	0.24847298584251554
0.27532477481875706	0.4628226088837478	0.16437282554958443
0.1590290347868103	0.7816277342924958	0.8271367031916488
0.9076215784128641	0.32435038482572864	0.8426092091233939
0.10292853951247183	0.2523652748292552	0.9145099885200437
0.0008556643692682053	0.21735098678528386	0.007208862012115902
0.2951121597560842	0.5516464194538006	0.7563800256365103
0.7281300650614037	0.6881099359694273	0.982999192990698
0.4801840463813808	0.8648149138432607	0.3167097830690395
0.5997418795832068	0.41405508055083196	0.9124227416470405
0.7365935801564544	0.1396564124094355	0.2699741775840757
0.2718737505093213	0.21568513556762936	0.4167775269829732
0.3636976975795748	0.4751007981043146	0.671428320294137
0.9790267883874633	0.7041404175958373	0.343274212122312
0.8026108904945559	0.12618677580025273	0.4655920271927584
0.09065001162096276	0.9947264050331964	0.2641443989304775
0.4086878921408389	0.038142972577965284	0.5441194359309945
0.2629637841634367	0.7932419195307624	0.5219489856298818
0.9315024605054225	0.19004332795486878	0.7397312829525259
0.638175991780478	0.8057895677391169	0.5401615040473174
0.04986038566250861	0.2763793371503942	0.4597481688295326
0.10173589480063483	0.19139047037851342	0.21538082367638578
0.19545320822791767	0.3589911067080158	0.33669706595328164
0.913221310269786	0.008257752254038353	0.34584108991832674
0.7437007604337926	0.24720492488532542	0.21604796778074686
0.4086861735660523	0.23709707160835758	0.19522610271352359
0.4463335739520954	0.48643389297823225	0.046786084629623526
0.48847875638797655	0.037464802518371254	0.026306446879416412
0.20852838197686496	0.38746186960058826	0.4620534379996135
0.4723015124403773	0.008522056391071953	0.7109076330882775
0.2077217242336915	0.03450328483895326	0.550259067336896
0.7857569874771602	0.03608895849424498	0.4728332000464811
0.9581131421558968	0.6803384358668146	0.35699351909372623
0.5986056182352301	0.002044334969502848	0.25217329258470145
0.8417007551313772	0.2951788862678163	0.9305054441908681
0.7991342606190107	0.3492566528664144	0.9767534227730438
0.5347480691595805	0.9533110655577611	0.10602533136403058
0.2745418794723401	0.8401927385330913	0.2409480173823615
0.0548708786932004	0.16143983589128297	0.42995416066203096
0.43330264668610485	0.9784365818735093	0.9553732536580662
0.42076924797259474	0.31235082769589295	0.4381151867836931
0.7168265108694133	0.26715453764957975	0.3729098515476109
0.16210088576846104	0.44805916102418963	0.08189375761615336
0.5275292084432941	0.7390417427919486	0.7727040675029294
0.08206427645725467	0.5311150416049091	0.14388073953387792
0.08197584617473364	0.26213070196402444	0.6083507735677406
0.8715643561811051	0.8640547221256638	0.8566062561496431
0.8298466474060036	0.5215431543927923	0.9160492362120879
0.2093613297381849	0.579377051581147	0.5889152004724879
0.7152124952673476	0.7285633458655016	0.6861242631406143
0.3429657298028663	0.6616599265066028	0.4187521118889004
0.4057191610905141	0.8158888518965726	0.8922615392957567
0.8740230438174088	0.0025225123601686494	0.8900530198563862
0.5874103258214699	0.7574500441339599	0.46565289822607225
0.7736187574278637	0.9425919808404717	0.828045779136922
0.8117206370963242	0.6830148488387339	0.47507905221976543
0.42291701574998875	0.06920643106264268	0.807555984948605
0.28234959670932036	0.31735356373564516	0.21513415522694523
0.8096183532671017	0.8679416535750797	0.026876965517014795
0.7310710233873806	0.7454939428477475	0.5703107748985955
0.8820414526176248	0.26577284710976756	0.3283652884067789
0.5978600791950253	0.3100834046827313	0.5708580928728378
0.23316543369958254	0.8374964102715949	0.5534605927727108
0.6239266994779126	0.6687639109378347	0.9117765873122201
0.9075635871029305	0.1638666550015333	0.7377334071892283
0.00996227366730107	0.5836330968459907	0.6455185031865747
0.9716898188295818	0.4318645420125211	0.40983660769369334
0.38093969438749087	0.09246406470927604	0.9044275454386818
0.18422504713536914	0.4636223648219434	0.957810429850552
0.9439306854010383	0.29916182767326327	0.9752286273700975
0.09832002326661382	0.5917003564937156	0.32717524083593963
0.6729690661721721	0.7904223456066445	0.39225960708815655
0.31043875148165534	0.9817851085232471	0.40619120080063387
0.4399554943807399	0.7802048606350607	0.9808852910159883
0.3684274222664462	0.44190550392176686	0.4585832164318324
0.22450739930667463	0.5737243559407739	0.6524272024399291
0.3439731277657859	0.5022866699615617	0.17074744994143787
0.4869738902671955	0.6183013302448327	0.8247246134493162
0.08476648877728066	0.6030761644867316	0.034303812801101286
0.41415242005919894	0.588498617942561	0.48947130098846336
0.6682681965181164	0.4568813293793993	0.42274039282596587
0.49598082468620985	0.5470896324182831	0.4241102314961581
0.8724506126520376	0.78664587916665	0.6328274326029163
0.31492463921412295	0.9279022563527167	0.7597536136683213
0.36525108123854855	0.641730857150613	0.7430935384897294
0.04576137722584628	0.6864494167959035	0.944318653603096
0.2017850467539165	0.9814481940196096	0.8714985216587274
0.1706736955562429	0.7164745246181496	0.3002087841326372
0.042701257412188665	0.806059338717641	0.7094019549489153
0.1312899132506412	0.6969242089341041	0.3880786957721385
0.6742891827095435	0.9603053155869122	0.13671434100426783
0.4683411195602796	0.020909710638802537	0.04571770078887816
0.03564884506316712	0.483725633040926	0.8264635555298883
0.01837544034553318	0.0067373297254352815	0.9927357693497909
0.8623861172138161	0.05639208732960832	0.33234178981968876
0.7343562240250678	0.2936153164295553	0.6475988570816299
0.13103807766576014	0.05862358794450284	0.41867682421514885
0.19680636301039367	0.10219931622063316	0.4614232794937748
0.6325519547380896	0.9111785781558299	0.48853657599028966
0.8842572346918319	0.26826479021943206	0.6143358041547573
0.5021610429827277	0.8012545107061828	0.2425589108462063
0.33840660291164326	0.500578969645461	0.38722191839216313
0.2760009308730894	0.21926572471180095	0.41231702103596957
0.9299691174849397	0.3961306916705196	0.6519987317670396
0.3540338358485956	0.6442915708352716	0.23229861215625658
0.60313927810491	0.2938875517185836	0.7775764763246464
0.4389539315484222	0.42441991063471707	0.3059635194070911
0.21822349918778416	0.6304479966167308	0.742485304416012
0.3761320032305343	0.15956813955688076	0.4011392415623023
0.44079026057244364	0.675260398126645	0.9063023503512152
0.2900635381058517	0.7188760108763768	0.4722833091374369
0.9447778861167508	0.5383091307867239	0.1957564212012416
0.8663062229836096	0.40340386516113935	0.012613042070180547
0.2121487256483644	0.3130191342321177	0.009854789733130698
0.541147508806145	0.20536313016035757	0.15478526505876355
0.27262781216767695	0.646498760347543	0.14171107188582643
0.5450771559421991	0.3034664963056628	0.0030646684112765055
0.21115811393468709	0.9213973684840457	0.6621000556654137
0.01884544063975724	0.9060907611572688	0.8170186095265473
0.17926002343595349	0.2317603267697852	0.6031837586555759
0.04662586563134408	0.38514701969302056	0.7970421500780249
0.5204785604970835	0.773603390182017	0.7814948268290344
0.22201342288027215	0.9322917507958111	0.9538143271671604
0.3206803119208854	0.1467484253785004	0.7997428142826527
0.7920574055925231	0.5931568238157819	0.435289278840004
0.7405895724271971	0.6674442510954747	0.7949315077681997
0.11614390341661973	0.7253221577520321	0.47447487003589606
0.09858682634828397	0.8890527401867583	0.9189363561996678
0.22714892313926938	0.5472683654914148	0.6653757470780818
0.7281179837495986	0.7105154959962375	0.5470022245467322
0.6535025149533453	0.746058475715136	0.7126768678631342
0.898047829205972	0.7212662348525312	0.6133059148272333
0.45699376242346934	0.34753157730499096	0.8644735978216896
0.647569852494258	0.6732464810924423	0.01711805338307182
0.018759743963759234	0.8513883789676593	0.7603629982423148
0.3059633293734002	0.8579235008830985	0.8186206197774959
0.10316225204529272	0.8531046186238006	0.5548224255016068
0.26656073421393045	0.6611992333755887	0.2515507800890624
0.1634133502638182	0.28274224191059594	0.7866772554239463
0.3491855233581147	0.34145322349626583	0.15009144572809308
0.5860557524244747	0.6417929783878243	0.7243405505531875
0.08559443284793988	0.5099587878343651	0.34982801427136945
0.3638568226561686	0.7206646268068029	0.6760520780407757
0.49181789787544894	0.5704732821990556	0.8583256301034551
0.927484072525204	0.712584819733117	0.8152737719302998
0.47595275254902414	0.1657715018683409	0.5886105076063896
0.8825210711065636	0.8498004699853924	0.5618138136774866
0.24574956006964122	0.9057597460002126	0.913888175755485
0.5085803612505617	0.5291809940039813	0.9881209420778445
0.636914495242248	0.9141802227408596	0.9664440919316991
0.8260054797528622	0.39345041787803603	0.9872004763407839
0.5836852780573312	0.39391507311897367	0.5967656915583278
0.9204099402079877	0.7734925822759732	0.479793864769669
0.8686497937690489	0.7891831097431857	0.079365551912713
0.18019347285736687	0.3574957555129801	0.31637857372019595
0.8625870062451186	0.4438874564349986	0.4637876903290391
0.8600119956337208	0.9542896792157916	0.11462253477413598
0.8164555029814617	0.7817789692853944	0.2646537148782562
0.5072964639866376	0.8974226718071702	0.8582075212912934
0.5031110082119549	0.1812306488740183	0.23260122490167467
0.3799543209411066	0.6625602518685171	0.23334933339796804
0.388177540678592	0.05217312713168487	0.054538145755388845
0.7600333165978556	0.6396636458164332	0.5153539003653234
0.8688659981517517	0.9327173964440797	0.7426260476767422
0.039566967665992436	0.7031948785020297	0.650082230301451
0.1526015880281686	0.7852359032578049	0.3029581313340669
0.5416851752244736	0.7273289470916932	0.34888462658035535
0.6986683058924383	0.19732045229746809	0.43307110684416517
0.22523251506438924	0.7442414071745821	0.18597500367361508
0.032458257250690625	0.5233664521518855	0.6549093062800059
0.0825544594147335	0.3367176172514238	0.8497499897834917
0.7764683132902439	0.10728103813609069	0.5905441541956443
0.5130028120702199	0.30044343187647027	0.771742438480843
0.006086013342119556	0.30906949366737124	0.299306362309704
0.9065913849538567	0.888652416200954	0.6690110717824588
0.9221233051721582	0.37772524127202867	0.3799647094085731
0.38745660503910995	0.7139727366758611	0.961868828556311
0.9873640189678466	0.7425525238743402	0.040005505143460685
0.13024731447412974	0.4242836422737821	0.009549387731849546
0.9877734681690705	0.7380550792873359	0.9592536492586393
0.4337571385761997	0.49452883941665493	0.3211649353672372
0.824240835779448	0.7201188080836608	0.15000027114874315
0.3190783532308007	0.637037368513664	0.017567729067544446
0.3425868300372834	0.4184157569400355	0.5256393633477833
0.7563347327747059	0.8589146382252121	0.17683223855478036
0.4133678811542236	0.9945219680382659	0.493101048124601
0.3277043088100873	0.9151153805083995	0.1763069034095115
0.47534183462159885	0.1210434131322341	0.68591506127737
0.6196792409276622	0.4335449533077599	0.07571932950575022
0.8927609998701713	0.7165797758697133	0.2369486823275423
0.4092438164385189	0.2572620549250475	0.9697153227725985
0.576603065196607	0.9963374132205778	0.3826364257735344
0.5409191622030946	0.5475513955987735	0.4708861124544024
0.272375994323639	0.07492216319138767	0.3425382580383478
0.1571415342314082	0.9369201587664083	0.5734524109307249
0.24956633367857817	0.5275095839408327	0.7825007984662448
0.7444143619111788	0.26135513129457066	0.35497687833166447
0.915229183320972	0.29938002248700235	0.46243367455991
0.7188666092549816	0.016346342238422018	0.553560763163181
0.5760699796669928	0.8166272142082754	0.9060113033679683
0.7471956456632501	0.9094994010362923	0.5893660597550896
0.06331661175631675	0.1336740413420192	0.15009033838904628
0.8434169848670351	0.7060374675973681	0.033277973613910494
0.43171905741688243	0.8638678119646794	0.9834720640010156
0.4678611530064598	0.6178121194966013	0.028279388941033212
0.21317413779340333	0.5098817060785011	0.6874045065337738
0.4129657448322317	0.1372134061199719	0.5871756261999014
0.7402533600969422	0.8527230865152283	0.4746704795085579
0.607612328346868	0.270255662001049	0.75794678683377
0.881309713808238	0.8933900754661649	0.8462151222443486
0.42709007029499746	0.6103198438401413	0.5179718420225508
0.8235727813654072	0.7586302989159401	0.5622068626409841
0.5562680765731984	0.47442618121875435	0.4980484370555416
0.9663555719925756	0.15660784545912299	0.09889876889650873
0.13802676984923756	0.905082417505552	0.717498776481029
0.7453183844960108	0.949580935715075	0.9490337882180587
0.7023045525694152	0.4946474389906802	0.24210694075535466
0.04016042041671064	0.5827114019303744	0.8224032739931117
0.552270352894057	0.35888464753871585	0.6587692808015084
0.2546872532910547	0.010195490761597203	0.1070349296528017
0.934734336458449	0.24021922930294226	0.5967090542353614
0.15788264403217767	0.6891113924463688	0.5955094717427559
0.12660651675440138	0.8407227883056302	0.7737873708700646
0.5744607148798249	0.43637907933271636	0.9430002078909561
0.6208206059817142	0.8155123707061418	0.22978401001874582
0.9509677176023349	0.8864272623808894	0.6565013256961291
0.706068943645368	0.33586610245020776	0.30722253419910706
0.6454563839325849	0.36914606528110516	0.8287789754047269
0.4983308978637754	0.14639751109626764	0.10183188794624665
0.4750207820231823	0.1594362135169387	0.8671735952830995
0.3437712803979568	0.26903971306272667	0.23391890477863342
0.0005495536462549744	0.24074731484805767	0.4915710750281723
0.6321599269012671	0.39819879943195946	0.42581902725753196
0.08850578388242403	0.20696364536744316	0.522057188363383
0.919274995192872	0.06754407435948229	0.47619500567464146
0.9205985334738185	0.8842603871082818	0.9116565181475725
0.882646665893777	0.5872414918776874	0.9369698935212136
0.6702333807034538	0.2624844913431654	0.7565243979751054
0.43635570062866247	0.5560317740409004	0.4952263120060243
0.3096644322868908	0.2606195478178742	0.05983552980135398
0.14331477769069556	0.07872930975106229	0.25227302048054634
0.8008274978425687	0.8097496332026943	0.1995541246345448
0.6053163797989285	0.01851500938012096	0.13553012105697926
0.15102972970711637	0.8856300531644768	0.5068084156313283
0.9360130865527233	0.38576965780880446	0.9264037049013424
0.6655832145035463	0.8334554690901272	0.15292921469689902
0.6259854484182178	0.7294751409435979	0.44704436270280523
0.4201528290111737	0.6154768534123769	0.13140722002443206
0.45203146816776096	0.17464844741004304	0.8826112546634339
0.8203889122788084	0.9763679207062875	0.9366430706226012
0.9541913258381741	0.22960816274253304	0.978837473402025
0.14216552084984624	0.11221970010269167	0.4098948612916584
0.40704006247805924	0.04001882378654664	0.17307035945126803
0.8578873311205636	0.4700234692666422	0.9617482455684505
0.7943782207317778	0.8825683811447727	0.36467196116677725
0.44646402540752905	0.6853089756168741	0.7958524750129795
0.6374130698101745	0.7901974631844886	0.6598385363637267
0.38608943270952045	0.2358938312199852	0.6805318622751497
0.03349648465641375	0.2584209225993356	0.052635401962699224
0.280507864749695	0.808902747557292	0.3648553176324856
0.7756364885369911	0.07914491888003317	0.16440335870353473
0.13237570870680593	0.7886607825949594	0.3640487376838849
0.618956022781237	0.17928696614450257	0.6474885293134243
0.7059878301910847	0.955044700734598	0.8996172836996108
0.5114723465040373	0.5674520853476227	0.3911752836437834
0.4452998967634716	0.8312854145194362	0.4643542218486916
0.35596768715375116	0.708550616200427	0.815648892268268
0.5639919875165375	0.14233946248912976	0.5707354749909822
0.13306571719749405	0.0949415147833611	0.9977587606715127
0.642106618032796	0.19560132722546608	0.3746157939565834
0.579638636166647	0.5152379401389223	0.5318039860081797
0.5658149754898163	0.21764560285927292	0.3107837346120952
0.21270748834460196	0.8009299396772522	0.9292528083469036
0.8028219248720778	0.6129802919645096	0.6594668005652966
0.919125130295397	0.6026560893399541	0.27349017576631984
0.8199319769573569	0.776563746803752	0.39955290786757514
0.6016327535069852	0.8629366359321806	0.5603813424867634
0.21083523810039118	0.03631072818948067	0.35832046795642614
0.3798463595281574	0.9928700501286959	0.9890155865987276
0.6783980150897777	0.8775876894937168	0.7299682666219136
0.305649098319994	0.13037188337458072	0.8061379442863202
0.904859681596362	0.7567819591467466	0.9508129421099303
0.44168251448635787	0.36862037308492845	0.4086436052843242
0.17923163318459556	0.08887647860645576	0.09214351702700752
0.7449667021027873	0.8525518269722127	0.6039857130046429
0.7895555724076183	0.3396934526047405	0.9237629537444556
0.17068107819363498	0.7557184345759668	0.2366670738643898
0.7675004020982161	0.12652983773001725	0.8862821927620972
0.4007137924267502	0.05542255461115109	0.682699440630789
0.9498945269808652	0.6563966019540004	0.5475035155422595
0.03960014891320651	0.08284708911681116	0.4985383208315437
0.35775126173244176	0.3768746910296763	0.1446881119522363
0.8529749647353083	0.005674762517090759	0.35468111770581545
0.5814142267474253	0.5357041480391734	0.7028162575632064
0.643942005542526	0.5135794701781052	0.22885443594496957
0.07334997193577408	0.4980490215959854	0.5291355902300654
0.5625704878804759	0.1643809745369551	0.6101118049682562
0.914744706372981	0.8497128018777751	0.3855334512283527
0.8210408717138803	0.7836381168120045	0.4438155899799955
0.7246084573309148	0.3194855794008	0.27527479783946995
0.7999410151739244	0.9074817233923254	0.13508548853226876
0.36272288977331313	0.6064682617838676	0.44290658144996187
0.8407992097426563	0.7103933656877985	0.8587083976071517
0.7351065000556645	0.4137228513868748	0.46776445967418745
0.8986985312540674	0.1681019202372004	0.964705960296302
0.9474534507173236	0.557680625013737	0.8281354269242657
0.13158363587441924	0.48417478720475204	0.4907827035335075
0.15733513614377126	0.6335294178596657	0.4996167199714189
0.23889325191544197	0.6614168849132434	0.6775857551816178
0.6866806045599105	0.15470216943647797	0.8039741197284808
0.45547431126207194	0.12855267304127693	0.5298773212821668
0.036527996225228954	0.970124976630195	0.4941847771604796
0.3665484376090361	0.6916614040502704	0.5579858307483407
0.9687354109282638	0.6633878778894113	0.9147297755429146
0.6608542156461237	0.541117916708551	0.9630672955133326
0.6136149430464657	0.9599071895790442	0.9469481801922472
0.457897599222141	0.6910325250229701	0.8179814762915489
0.9873007096257975	0.7824904171117755	0.4145399221140198
0.9206583919733963	0.14078133179182806	0.011006214287193838
0.23244702935272765	0.25452904972672785	0.6391994637091655
0.8237172439064415	0.4200904588322162	0.9960578217727576
0.27618607974695497	0.46835174257265255	0.11600957380721577
0.00856272689993276	0.06552810084761884	0.8943011075147915
0.4363856907196366	0.754845417172966	0.3507387726898872
0.3994279793589276	0.35512309970852796	0.32453147157287265
0.08056554240503067	0.9115115198599517	0.5049468860977897
0.18052867740696987	0.7981655455491906	0.5333168650297647
0.9341196761475254	0.6661290676871511	0.6653559691173853
0.31014312335952865	0.02079587154935847	0.22255975743175838
0.0676168020492286	0.6046136807046542	0.8793552889726655
0.3513772970996858	0.3471866668944682	0.6049019524281309
0.8754641259454181	0.6780716452629457	0.9828548135288984
0.8241606070116083	0.3451594944701055	0.6181296126134461
0.7100498029286886	0.4260344956486135	0.5320379806683532
0.5224315301616315	0.7113064934197966	0.4138701980364241
0.7563124216340944	0.9538472883183214	0.7018560911157358
0.6633583232579104	0.313320767509245	0.049906985935495474
0.9315905366741043	0.4420293334427593	0.3741222052481812
0.8354875553243706	0.4476637753121011	0.39118162822527724
0.6662665739309794	0.2793862314363781	0.33477845047712107
0.7163924306395275	0.4425624527738552	0.39609767013769814
0.038606354873054194	0.31471032492904594	0.5312661037418624
0.7487976934430276	0.3636775798615993	0.5714289334139837
0.6094171435483942	0.6528116452656356	0.4932551227493467
0.19527839125605062	0.5898121045960687	0.4227059142622709
0.8300786698215074	0.45947226856846224	0.562048266046809
0.7951896144534986	0.8832046841926741	0.2743896795457269
0.5353835070044549	0.12394008186731087	0.15525844484187445
0.5132528664589542	0.5536349593693751	0.16607147313966097
0.22081833702371734	0.9164052684109951	0.540736615244917
0.5186379787571485	0.3043328182295827	0.011968108241442788
0.8171020381819698	0.4376494046987508	0.7294114169412474
0.006469002199178231	0.13885869242900295	0.9575215293112653
0.25250839326173324	0.664991237785545	0.40440363372259613
0.7851767848395633	0.8718447087940364	0.3243411757165233
0.6400145327732158	0.5185486678356109	0.4232258878041649
0.4218223203731971	0.618348231015388	0.9676680817069282
0.6638695198728314	0.9816106469375631	0.6351470257330919
0.037662489374749364	0.19612140333042916	0.574996415290251
0.3144059594807824	0.08389752663908612	0.45941439364357317
0.2236948521583667	0.41281626312411124	0.9602539236997166
0.29983982120216224	0.6514583311791549	0.08439044723332578
0.14969350358638134	0.3061507930394395	0.642963831656104
0.7561493559079894	0.727749809091056	0.10895185980731625
0.19515163237044542	0.34109481643216366	0.5132646416089476
0.6142715596683392	0.24567434725197013	0.8101731005144497
0.2080187835196633	0.2665633620077872	0.7007487087744273
0.7604736057428246	0.31012667888751677	0.15428171111328703
0.03311249259164195	0.7454024537822345	0.39616170794373395
0.7993534009903068	0.6324250429089889	0.17156101726282225
0.9964410990769283	0.8408820614756514	0.013195849033278084
0.004921610620449268	0.22828894002774347	0.4738913118549807
0.4908019222168638	0.17878138056968773	0.5589425209690111
0.7901246366557686	0.477068838825608	0.6619000917889877
0.47809826289671364	0.460843764969435	0.7412885135744207
0.44575399168956775	0.8399160540617138	0.44359551646930184
0.8388558508019797	0.7952277957430649	0.09848385871137155
0.181720659074328	0.9693633807186556	0.5009126275659512
0.3531528437933209	0.05202850395996883	0.08251800989682645
0.6753105423652738	0.342705886406922	0.7877928579113969
0.8677273365026112	0.8220602170082707	0.8036861427965357
0.6482768332990039	0.7922772771747928	0.4293311012881752
0.7999028120298616	0.34758673787895533	0.7250008137578158
0.12063037461315707	0.5645617022290343	0.5187179653156991
0.40524007160117614	0.004858618585948493	0.8848188381034836
0.889832342705097	0.2520282733864744	0.9483898697807779
0.08883486620388281	0.18581391725297136	0.1225632361097646
0.4267917702268005	0.9114478900605801	0.644834371070667
0.2949039583040096	0.9414181289313355	0.15119100880163638
0.9558140319206236	0.48431577040513174	0.30325361928995775
0.734365300619876	0.7099920040739901	0.023468831551398228
0.3651278109202576	0.0536279192939485	0.40226537173326715
0.8642494947291262	0.12212662068447	0.13312956753569005
0.7891304573332534	0.20210589394669332	0.9469050485152137
0.24328125016202806	0.8210397503749808	0.39117246936639827
0.2731232116963608	0.7158097737834732	0.35999448631878306
0.3267739366426822	0.5255536294459429	0.9304409145889411
0.017549122189907118	0.5760401356301212	0.8606805034998144
0.12994472111144562	0.0864541736269685	0.565591670961218
0.6711982557752163	0.721476119494326	0.8186026238182398
0.03820908058115535	0.8428260618072205	0.4180174214706309
0.9157944500460451	0.9401361835619144	0.9131793917315891
0.011978415701404566	0.3934506965460377	0.5631498256960618
0.848735913905612	0.5609801934712961	0.32131549966650386
0.6893440224378945	0.04386681619248889	0.445686605215722
0.09381497204832068	0.311425062038157	0.3890600788750712
0.336906227109914	0.12248565133426259	0.849329836419193
0.5719576575430607	0.4160375586436732	0.48044313942856665
0.5396435398012392	0.3360697123953472	0.023453046996357196
0.06624743661707266	0.9357490235138216	0.5300638201719254
0.09511771328277474	0.5899350377284356	0.4306571969096439
0.7460792276473505	0.09931604812971895	0.6001229080390701
0.9213880863914965	0.864803341086994	0.4553745188014462
0.6078847352598429	0.7555268145126814	0.22722522943388002
0.5053861243124964	0.5345505763207846	0.6608576545047282
0.6436228447158652	0.9158535882776122	0.9763752409795957
0.2850351666964027	0.243901642612668	0.27886573844120766
0.19240642191616153	0.7375088598184166	0.8177313059631096
0.7505443839238777	0.9384810369931298	0.8107139120716987
0.9240500311670029	0.6714122301262028	0.6831942473825763
0.6323485013289114	0.8972207937783161	0.9001999075864686
0.2705408460416988	0.6545899637521545	0.7811766584754698
0.6461283127595335	0.18299982151674066	0.5220818600955859
0.8624054368572722	0.6708644117826825	0.6676983646297399
0.3212605189531532	0.22840666656227926	0.32950830279332977
0.9989695674149774	0.202603747138431	0.0005329941702055807
0.9667787861663245	0.5550221526721714	0.2859633434520923
0.5704151388779514	0.4479176476192023	0.8662135254670769
0.18979195373374924	0.6964049953974066	0.5272630985250654
0.7147741294701843	0.6190224837525906	0.1280922955186884
0.4691155869293039	0.16530572277460076	0.9342314628263142
0.7268485690091079	0.9879821754434737	0.6519048488988912
0.1119568342482713	0.5536583719193054	0.6647558226515782
0.9931254993304871	0.15188709479323903	0.9091214244553466
0.16070257675431898	0.9830851038105759	0.7090377488504007
0.007164878260146557	0.6128191197140163	0.6765912947423921
0.5539959198748075	0.3153825210909026	0.04183879899688514
0.12728867305072533	0.5028907017169687	0.358915155549248
0.040513320360877625	0.9750062494657735	0.6114204739564286
0.8833533900648786	0.9828090418761747	0.8676343604295489
0.9596027388472632	0.1695162701564329	0.8438894545790103
0.5556430751614324	0.8925464575109666	0.8367065319024823
0.6482310789991139	0.6060432822990811	0.24823125661752943
0.6545171078246628	0.8069448149209592	0.17882294116879482
0.3652017848549636	0.3647928266623597	0.013301901006069539
0.5570466895047217	0.43824560170933136	0.8398222045981079
0.42606334128939316	0.31158487227870924	0.5923878254044318
0.39525661617318153	0.5585137553394445	0.7676812357443535
0.11930672295206268	0.4338545494724605	0.7063915607833514
0.12637509603039676	0.21819418496916687	0.052370441323516315
0.2187277042640291	0.8136829128073735	0.859839495782257
0.4111393669971497	0.10006969165310375	0.04189690952859815
0.769397022284113	0.8407126365573446	0.2544421228902428
0.4676023006379476	0.8118303519571076	0.10864291359298595
0.051270444874853105	0.1786115858841647	0.2799692864987161
0.6254748458266585	0.29137465714284827	0.25169873292712275
0.884409691982851	0.35123710213920634	0.7324751739980675
0.8008594550996769	0.4257437353653194	0.2510586212304017
0.41455848640597814	0.97956391926696	0.527839284779679
0.1850508073839392	0.2665848156873599	5.246609500653143e-05
0.9752578451561075	0.3837717154693815	0.9376212414200499
0.7282526569739707	0.04063582334835414	0.3358190740577056
0.5474151267577672	0.8415976207416345	0.022031817894126893
0.7644373182215201	0.20505579606113533	0.5524256409474885
0.3524166600817006	0.03301469708439364	0.4267079849217086
0.8574868239824757	0.6486615790812654	0.827179529245923
0.5005939235130042	0.7995801210780609	0.34750117520736234
0.6411953189890224	0.3235902978338392	0.2914125436139062
0.595354578425454	0.20803083089446195	0.3474702980156814
0.032808085552488375	0.9649549218378312	0.4294285249913119
0.26843479319800323	0.47175388478111835	0.25667221940127405
0.8190184161561231	0.14698058268632663	0.29720318557798886
0.8547488600782914	0.2777600290274579	0.19294824269126598
0.7605073297035643	0.3501682232502339	0.13885730790068973
0.006830404544526547	0.23170818860568643	0.5954606878438611
0.9225348460249548	0.6882033420942612	0.10936603828971037
0.11273229179308464	0.2570257378555827	0.3173168991017077
0.3720752243755149	0.04308057634630502	0.7177156449966715
0.9972686344404679	0.46250086647370325	0.34740007378941906
0.5475707227862688	0.9789144042822889	0.3350567863809395
0.2898519325635187	0.3542622788200025	0.2172843694942751
0.08957814487702331	0.5816405963983906	0.668245801425812
0.7746120934581036	0.33921821182870326	0.9702082410521659
0.32108067752445146	0.9736465664069606	0.1352022103840842
0.3243628540474284	0.6421186770655996	0.4626200522417647
0.26348373507402645	0.7629770343247574	0.03343652256439478
0.4452586766435589	0.012024908985763139	0.059245705527674164
0.35919431409646485	0.3185207783092966	0.8161702597901886
0.5545700787878894	0.9351659170509753	0.7712819181282545
0.5956609712992982	0.2629163191277748	0.8038579293742285
0.7431207689781436	0.32817052330212015	0.997218873516641
0.0989064861737119	0.26719595084512127	0.15522795469791084
0.39863897625244327	0.8849058133877863	0.19160090527332452
0.1850901073882577	0.1591386861240892	0.8183556422220086
0.9325018679614472	0.6901272756546486	0.6996261820279149
0.3130316279307265	0.629037023476917	0.33099284370500914
0.5243166461399248	0.4316124347828604	0.09306992939351677
0.9842684265200403	0.8889992121328859	0.1905988918035807
0.01564594364715388	0.5124965263148632	0.476700284629324
0.17894055372125672	0.9423836715684205	0.11350324733630235
0.4256467370365463	0.05490383757844364	0.3719017440901038
0.004694568607579885	0.9128291776949473	0.9399773703740767
0.002550158020785065	0.2202671129808027	0.5235400721258416
0.9967920046932238	0.0622495955017931	0.42450076079541643
0.4069146832572028	0.9151714225423082	0.673172637393121
0.4921382885163488	0.8977372912786761	0.2924131512852115
0.7778733709452781	0.8293095075210057	0.149821647334764
0.049368667528177035	0.4640770817398303	0.5149671535855058
0.6263045717596492	0.9678811199463678	0.8838636749420851
0.25064294182226676	0.3230799593762831	0.06575226828274461
0.1687323165630894	0.9537194205241727	0.3616939947024995
0.07293540311916091	0.8107075839875356	0.2448315855512302
0.6140576371188015	0.8556553148358763	0.8326840364395026
0.6516208903066567	0.7601374192550623	0.34386935077078995
0.7886381720281168	0.4025544361070468	0.9855447459133877
0.4480787565179054	0.45198498471044246	0.9676552966767786
0.9710181518594212	0.6305146064210111	0.701009514122373
0.8156713420715106	0.016103639457493046	0.5139089618670353
0.9739153839923193	0.07796182438388122	0.12843134102406806
0.131673072316015	0.09996722069900965	0.8730417275668377
0.042338977107942766	0.8145901853860232	0.6418739338885985
0.21553013788666875	0.8775860288648187	0.4352569659793929
0.999153358454434	0.2980605516565398	0.8774733247043629
0.5615519259359164	0.4714153052309894	0.6964141104217733
0.08976562800026378	0.33232756801223673	0.384336581056418
0.8610707083126099	0.6078354629598556	0.3734253210856503
0.8815959277355514	0.05252079410255639	0.7056846169360657
0.16597894806409885	0.2531958448719329	0.8454381724749791
0.9144890988122877	0.13521847248763486	0.054917270753725544
0.8492460258347606	0.8267673888050843	0.29417165947265733
0.9828925593004009	0.9672359404371086	0.2865465317755429
0.5069199627655998	0.3176156717329639	0.8102661377287814
0.9274791663880635	0.9482188426578059	0.1110289617605087
0.6893520156440125	0.38146154481167505	0.08950940273506913
0.7690011569961785	0.6840464853394722	0.6913233015643668
0.4721668478582526	0.4417737055341471	0.8144040098256811
0.2728832056991236	0.37080217015992856	0.31927859648210066
0.9098829912535704	0.07089963908919927	0.2199156032292756
0.24466789956851065	0.3375666713304295	0.31033378237231235
0.8641051912217818	0.04633618479834256	0.30494946727863936
0.891221417943489	0.47946237506900047	0.7196876855586316
0.4263444661636122	0.47002865552482476	0.9306216927822359
0.8436979491184051	0.39541412633219886	0.7573517791801507
0.09653941963246027	0.22906452734594052	0.9939461132023252
0.7855190705616248	0.8484769427728533	0.676140712960558
0.7796315995505426	0.08520637488943816	0.9694478958845226
0.13836020780064173	0.3675202870142342	0.7295710623275572
0.09854861891548428	0.3588677107074578	0.5648500580118802
0.2696596749100323	0.1031821640290167	0.5522583200396277
0.01707017257679877	0.6432085024032115	0.6790703438902526
0.0006234291710748296	0.6668604758168601	0.9800492390429187
0.6821554714712251	0.5135151185989422	0.3880568126646845
0.8666068317165224	0.10001593357611283	0.7733562385777247
0.061357650163382904	0.9834272579927198	0.003718886971476709
0.9519863860793031	0.47918281488115877	0.30133913723007455
0.3724280247231996	0.9074426649945937	0.0074626362036984695
0.06804471638238097	0.7607832160913929	0.0643763443324975
0.5401703582642164	0.4152862889909418	0.6195141353994449
0.7147118901194054	0.20531429809202295	0.26503575758481535
0.471121427720835	0.41839526186418574	0.20528185536786703
0.29018407790030687	0.7806543711663357	0.3943964169377693
0.5660673336392448	0.030878357285049396	0.5435183189836243
0.6537090634296274	0.058616440961398175	0.8338889225094223
0.7992867388515724	0.4964267591940019	0.819220037776296
0.2281134864785206	0.07082551821095628	0.45142486941972937
0.681792607673226	0.22063044929663178	0.20966763148174528
0.22566158187382424	0.4200611184076728	0.8539449882016751
0.589963087336368	0.4199149783769043	0.5537763987976145
0.8329302517583128	0.821559579014779	0.24776534470778333
0.2573188923275955	0.7945310908257673	0.2045872027903166
0.635959637464638	0.04784954689905918	0.2579669904995068
0.350643162922885	0.08580375099046222	0.23080413554001133
0.9649456772920018	0.2966152625928815	0.36026398738262977
0.7333155643624865	0.7148438913292646	0.6207659177792859
0.29358474911127275	0.5747793411492078	0.4008691640370051
0.03171764358236051	0.873323740609978	0.08417798008397359
0.06179164059769504	0.6158407459173981	0.9947128747917273
0.3316067413723529	0.8148693045273472	0.590628508416361
0.0027646621278450967	0.32862343278038275	0.20777550688776603
0.5851659582341243	0.2324017210879865	0.8286398320060607
0.3577638842207328	0.2081997270298619	0.1533643882413963
0.007533801424463804	0.26509561707893825	0.5648010215659873
0.6340531409029582	0.5153482716180964	0.1319434672168902
0.7444888561624232	0.8400377949532256	0.5092378588796695
0.5195894287218503	0.8184389390348034	0.060255322145613355
0.12510830680629492	0.42583225959115467	0.1062432424060259
0.9281938259296759	0.7539320398480659	0.38667236704656327
0.32759478162485034	0.8581085558391536	0.12744614373434715
0.147391015018978	0.3955634190429925	0.8524511157577468
0.5986515439543024	0.42709949824977544	0.9282909035481351
0.46541710603156805	0.7540836282302027	0.6404458690464285
0.7732415061848112	0.5067591285485211	0.12260334500745729
