0.05	0.9290963679546312	0.9013589950244454	0.8737832215025829
0.05095095095095095	1.0	0.9466016675130103	0.8953233687085953
0.05190190190190191	1.0	1.0	0.9274672225050277
0.05285285285285286	1.0	0.9817219982658176	0.8782219490130639
0.053803803803803806	0.9738621677305022	0.9409117671098649	0.9984574261735576
0.054754754754754754	0.9524716475435223	0.8396922821381501	0.9402108515357709
0.05570570570570571	0.9224682608631201	1.0	0.8610208893170812
0.05665665665665666	0.9405909187874373	1.0	0.9653001858427962
0.05760760760760761	0.8940263898396966	0.8752531953451514	0.8966882151440319
0.05855855855855856	0.9170770709938811	0.9010293237020153	0.9590968722872618
0.05950950950950951	0.8674427262278891	0.9089998491173934	0.7801494898325977
0.06046046046046046	0.9942326993819509	0.976131040443312	1.0
0.06141141141141142	0.9473868926071286	0.8768497282444242	1.0
0.06236236236236237	0.9406469605755039	0.9144300381990232	0.984454023383847
0.06331331331331332	0.8724326872838284	0.954751273756452	1.0
0.06426426426426426	0.8484803254721165	0.9708462336915206	0.9305167044560568
0.06521521521521521	0.9524774089637069	0.9600159909931987	0.9215739751833419
0.06616616616616616	0.9788474008569467	0.9654206694524102	1.0
0.06711711711711713	0.9191011636061411	0.8999931024039083	0.9582250290964882
0.06806806806806807	0.9275337434511632	0.9317586361116306	0.9117253544284426
0.06901901901901902	0.9710280905308237	0.9073031201983554	0.9127917858835042
0.06996996996996997	0.9415441798014218	0.9573034302421727	0.8678673316488423
0.07092092092092092	0.8812710002228474	0.9406789525159427	0.9390026213527447
0.07187187187187187	0.903537106256382	0.8842676117315981	0.9248308368835497
0.07282282282282282	1.0	0.9389840080659857	0.9661279082582699
0.07377377377377378	0.94749287035463	0.9342324242987133	0.9141121838914706
0.07472472472472473	0.9622693547373704	0.8842679095026047	0.9511298479981881
0.07567567567567568	0.9432188060967982	0.9933026171747987	0.8815819225477813
0.07662662662662663	0.8483340886614348	0.9002510049303851	0.9939911620902537
0.07757757757757758	0.9439069178144796	0.838342422060935	0.9466758830441975
0.07852852852852853	0.9545910371066787	0.888091642143662	0.8661515836670839
0.07947947947947948	0.9147076054390311	0.8669103979191756	0.8586215617241906
0.08043043043043044	0.9679380701908675	0.901220453271178	0.9042480432221629
0.08138138138138137	0.8558267895861135	0.9517056835393656	0.9659014544115451
0.08233233233233234	0.9986807308498575	0.8494516326355027	0.8771268173020327
0.08328328328328329	0.9714749528336669	0.9019644658823036	0.9767424661883859
0.08423423423423423	0.9483052602484086	0.9307872834238743	0.8321539449257398
0.08518518518518518	0.886582884240165	0.9469380940108202	0.8976136677844454
0.08613613613613613	0.9365282514910364	0.902827226109604	0.877924634743829
0.0870870870870871	0.898689666150748	0.9219363158694422	0.7850946425587262
0.08803803803803803	0.900587863632829	1.0	0.8404655026930715
0.08898898898898899	0.9734151996168666	1.0	0.9554138645276522
0.08993993993993994	0.8283944414621978	0.9933551711857651	0.9147405935098838
0.09089089089089089	0.9090499635092588	0.9077385077936176	0.8902487229789403
0.09184184184184184	0.9019757192788244	0.9078618628657011	0.8169314783441721
0.09279279279279279	0.9161934599702518	0.9129755038141125	0.9408527080698641
0.09374374374374375	0.9530580505260999	0.8074692590556904	0.9419767318621596
0.09469469469469469	0.9899766877078695	0.9375201370575446	0.8662918076877932
0.09564564564564565	0.9218556258515028	0.8648060214860193	0.9819767605197666
0.0965965965965966	0.8644513062785211	0.8281125368322118	0.9365958857823088
0.09754754754754755	0.8225503671594132	0.8270418834791509	0.907985137593515
0.0984984984984985	0.8667423536057085	0.9338888171030222	0.9405141218378683
0.09944944944944945	0.9760537822481453	0.9450627847007752	0.891931653533347
0.10040040040040041	0.9546757642060334	0.9354799023240843	0.8451053987010911
0.10135135135135134	0.9468607926614291	0.85744555842605	0.8940712854681538
0.1023023023023023	0.8567065270405924	0.9971741852904553	0.9541640446557352
0.10325325325325325	0.9132224231678363	0.8280552917009161	0.927898858689395
0.1042042042042042	0.8680320874136824	0.9065337465305978	0.8240894018331254
0.10515515515515515	0.9069807885280767	0.9049789284456353	0.8908162504020439
0.1061061061061061	1.0	0.8694921042192165	1.0
0.10705705705705706	0.800192616577775	0.930702058025958	0.8565937355691426
0.108008008008008	0.8374074731660984	0.8493661042869474	0.8407417698656245
0.10895895895895896	0.9125336580490778	0.8307378080304684	0.8283337427488153
0.10990990990990991	0.9691210357370246	0.8807899791265741	0.8976143189896408
0.11086086086086086	0.871243087971322	0.8918757871532835	0.9333265138764006
0.11181181181181181	0.7936227885999833	0.8946805695214551	0.782606850053166
0.11276276276276276	0.9235873886531539	0.9040439469659638	0.8638968718072197
0.11371371371371371	0.8406812530461856	0.9233078865277158	0.8781115491690915
0.11466466466466467	0.9872733247380414	0.9378061008565979	0.9058516704244751
0.11561561561561562	0.855117096518544	0.8682117189914845	0.908495812564062
0.11656656656656657	0.8736378235545592	0.8561600616243965	0.8064086010457119
0.11751751751751752	0.8570063014256646	0.9459041406409742	0.9187547439363352
0.11846846846846847	0.8126504532658136	0.8665725740604439	0.8993074477225944
0.11941941941941941	0.8846821598811974	0.9027642212810252	0.8667762672085799
0.12037037037037036	0.8301242462851267	0.8640600209808891	0.9036288423095374
0.12132132132132133	0.8230271132847706	0.7625702078673727	0.9078316322011374
0.12227227227227228	0.8928627081738287	0.8524566816742819	0.9074632167275581
0.12322322322322322	0.8125237962915479	0.9019345048749793	0.8006126185425428
0.12417417417417417	0.893021161116774	0.8782903551661034	0.9394338342781154
0.12512512512512514	0.9096417383961469	0.8633828562895207	0.8820179822234021
0.12607607607607607	0.8893333925262585	0.863084681279333	0.9051309736213744
0.127027027027027	0.8267856508380896	0.9291360839448594	0.85093040377749
0.127977977977978	0.9097191313594576	0.9019067668046272	0.8499904981416464
0.12892892892892893	0.916898829148078	0.8312523360617823	0.9424138585797406
0.12987987987987987	0.8897381744395673	0.8771388945999273	0.8858017121429891
0.13083083083083083	0.8550678342193943	0.8455026539019905	0.8812470959752926
0.1317817817817818	0.8603466693448303	0.8801822833414289	0.8307057794140834
0.13273273273273273	0.8639996244708061	0.8936611589981096	0.9021273145335499
0.13368368368368366	0.8068502180594248	0.959264438460996	0.7961628457966378
0.13463463463463465	0.9623355022317346	0.8102298001968746	0.9395131154527047
0.1355855855855856	0.8062347716817235	0.8877969858210581	0.8086927491799196
0.13653653653653652	0.7784596653624428	0.8789896733625276	0.8409272673144427
0.1374874874874875	0.8492003945182489	0.706005258609995	0.7761178287333729
0.13843843843843845	0.8442091432053126	0.8422962574058473	0.7606734638466348
0.13938938938938938	0.8055536992542428	0.8168155199084551	0.8637967530388877
0.14034034034034032	0.8813157767329671	0.7885726588771109	0.788165724151147
0.1412912912912913	0.8802250067344729	0.8863708484011538	0.8726535155408435
0.14224224224224224	0.8702400170987616	0.8315875210818408	0.8882058328965216
0.14319319319319318	0.8562051379462924	0.9152818753376991	0.9262001582244807
0.14414414414414414	0.9460979047432697	0.79598718614592	0.8636316618783644
0.1450950950950951	0.9247195070610159	0.8748484194286068	0.9039658917167671
0.14604604604604604	0.8659331109851278	0.8096377817714527	0.8967763762270131
0.14699699699699698	0.8066730067011509	0.8417790965480879	0.8339917559149945
0.14794794794794794	0.8981857472005524	0.922166599999055	0.875870883509961
0.1488988988988989	0.8376982156310233	0.8593408263014799	0.7909264943986813
0.14984984984984984	0.8299100916384572	0.8586930096109038	0.8138145181612604
0.1508008008008008	0.813198340508734	0.9032569569977373	0.8246695571460992
0.15175175175175176	0.8313167971141988	0.8159704242582041	0.7732733908553353
0.1527027027027027	0.9243005528888323	0.8725180825023177	0.7732521073348094
0.15365365365365363	0.779816933922892	0.839495538836628	0.9194131342560761
0.1546046046046046	0.8715243155563475	0.9040430591334286	0.89745196787103
0.15555555555555556	0.8771789518658852	0.8291157947037543	0.9253556456946003
0.1565065065065065	0.906219157073117	0.8177149276978766	0.9332191632126449
0.15745745745745746	0.8791851652057596	0.8513776531707598	0.9077208846861363
0.15840840840840842	0.856848134779439	0.8672228055582505	0.8711271465913261
0.15935935935935935	0.8746991481202288	0.812627049314215	0.8841520630407316
0.1603103103103103	0.7801086170246914	0.8825479517233782	0.8806307034088283
0.16126126126126125	0.809990138353462	0.8500580471829755	0.8306712291055961
0.16221221221221221	0.8496217529473352	0.8286053122802868	0.7709605081596768
0.16316316316316315	0.7930366481162655	0.8385456293409185	0.791658804802571
0.1641141141141141	0.7945606983244952	0.7663761843139527	0.8631480111551759
0.16506506506506508	0.8180393812117461	0.7685597873893575	0.8172630529785903
0.166016016016016	0.7941039431269086	0.921651407667684	0.7956608840397426
0.16696696696696695	0.8020949100352373	0.7638975641874419	0.8129849403852202
0.1679179179179179	0.8922195766919276	0.7593892908738634	0.7605340687687389
0.16886886886886887	0.8278060133874555	0.7731415336488211	0.8772312041018826
0.1698198198198198	0.8664236469260354	0.842179509964564	0.8624415793355656
0.17077077077077077	0.7661992847669525	0.995957878328149	0.7552131084311506
0.17172172172172173	0.8589676962733451	0.8541067080539361	0.7763901651896163
0.17267267267267267	0.8573150826837888	0.8117253114110067	0.8252218708302496
0.1736236236236236	0.8132117080676271	0.8036832989705819	0.8805658537614811
0.17457457457457456	0.8157115444991163	0.8291535680218489	0.8515772886528263
0.17552552552552553	0.8965077976895094	0.8370963166083208	0.7959074064394227
0.17647647647647646	0.8149236713280557	0.9105977222570587	0.7400238550822635
0.1774274274274274	0.8081555868267782	0.8140348440830952	0.8254922349750428
0.1783783783783784	0.7596945221213978	0.8732329118010818	0.8276780889026566
0.17932932932932932	0.8313521380480401	0.805934337893659	0.8026819243991371
0.18028028028028026	0.8406726747981741	0.7726869000197367	0.8626968897860658
0.18123123123123125	0.8441897857949228	0.8703633438237025	0.8520148815782667
0.18218218218218218	0.8068220031099554	0.7875396388832995	0.840044944682622
0.18313313313313312	0.7891238765111642	0.834373926404236	0.7389907100832841
0.18408408408408405	0.7286215302191715	0.7270555721754418	0.7155307274066338
0.18503503503503504	0.7701469336755482	0.7928189397724578	0.8326468865591351
0.18598598598598598	0.8528383085273537	0.7368842406624897	0.8584039283193351
0.18693693693693691	0.8737585136660866	0.8228178555814322	0.7863290348059516
0.1878878878878879	0.8611304959723126	0.8106806644974814	0.8488307738990484
0.18883883883883884	0.8011765411912977	0.7830357187999659	0.886618193861712
0.18978978978978978	0.767859302113057	0.743724704240837	0.8730427868133348
0.1907407407407407	0.8708729667060542	0.84540833533923	0.7905151987766335
0.1916916916916917	0.7367903508433926	0.7930435587884982	0.7479079507174539
0.19264264264264264	0.7801498103369042	0.8235170200862603	0.9171323384967711
0.19359359359359357	0.8216552662968006	0.728811139173617	0.8116955081821449
0.19454454454454456	0.8286288241336849	0.8920418476695924	0.8886158317807042
0.1954954954954955	0.8476238229965484	0.8583662763112146	0.8623113835826974
0.19644644644644643	0.8591239450803332	0.8430541011349091	0.749788801880865
0.19739739739739737	0.8210577602003406	0.8068916319680299	0.7916553676774036
0.19834834834834836	0.7900102905479365	0.8447247778015694	0.7186368168399397
0.1992992992992993	0.7726671276379222	0.8006539988255323	0.8017555768237806
0.20025025025025023	0.7883778604637213	0.8177976567609673	0.7736211618996508
0.20120120120120122	0.8339255822788079	0.8227968757119895	0.7499461199005285
0.20215215215215215	0.8176415413151648	0.6992868264321048	0.7217365346018987
0.2031031031031031	0.75372635638479	0.7970781376134792	0.8529487357997608
0.20405405405405402	0.8297314065126814	0.8159338406566486	0.8628350257709887
0.20500500500500501	0.8647850518228896	0.7480855764030911	0.9392872762459501
0.20595595595595595	0.8476435184070071	0.8269075003055867	0.8164462427901233
0.20690690690690688	0.7770511121736817	0.8018627101075438	0.8080785021962971
0.20785785785785788	0.7201874710060596	0.7554920143486056	0.7127605589718322
0.2088088088088088	0.9275025195762403	0.7771251568045541	0.8160691959339523
0.20975975975975975	0.752816719955127	0.7271396276440544	0.7993537020667199
0.21071071071071068	0.79218079647433	0.7336969502023072	0.6954422077516038
0.21166166166166167	0.838488354740432	0.8005634323106945	0.8032922126069142
0.2126126126126126	0.8062649021757408	0.7627060998130787	0.8028546557860119
0.21356356356356354	0.7861433372667128	0.7548787730508019	0.7238995256303319
0.21451451451451453	0.8031340841454203	0.7629663357599739	0.8617516802165299
0.21546546546546547	0.7915882970058579	0.7438445405511733	0.6799387955880222
0.2164164164164164	0.6630036195739444	0.6407437041263773	0.7551639335339134
0.21736736736736734	0.6480671239380194	0.7500057733326378	0.8302443605773308
0.21831831831831833	0.7784055713711567	0.7390360477418195	0.7192457327681989
0.21926926926926926	0.8327550501651332	0.7575200036464604	0.7752463586016878
0.2202202202202202	0.7425502292947216	0.7372009736391398	0.7079277295223381
0.2211711711711712	0.7130149047148988	0.7525711290067764	0.7811731024482409
0.22212212212212212	0.743795312986117	0.82986258651954	0.7168152691689547
0.22307307307307306	0.8263116744994465	0.7426983177970419	0.7598771511618587
0.224024024024024	0.826082112529473	0.745961520926779	0.7795079551027247
0.22497497497497498	0.7481135191774745	0.7304856743557251	0.6940597960654876
0.22592592592592592	0.8038899270555031	0.7085470904358926	0.8154834881891669
0.22687687687687685	0.8315479020546335	0.7575262938321816	0.6843182236709376
0.22782782782782784	0.734250302250168	0.7159662079521736	0.8136329348678241
0.22877877877877878	0.8497717668087595	0.633194295504196	0.771613082530859
0.22972972972972971	0.7597323822943332	0.8394789579542234	0.6826931682395367
0.23068068068068065	0.7628899163737395	0.674313063304664	0.8149217433935021
0.23163163163163164	0.7518359848194021	0.7582866610748461	0.7262803861413403
0.23258258258258258	0.7432473054959066	0.7789081807369163	0.7843038866561038
0.2335335335335335	0.779973229286214	0.7617576374037013	0.8199866728029905
0.2344844844844845	0.7952080943827313	0.7592216190516231	0.8735196147062014
0.23543543543543544	0.7799275404956493	0.6684168454034136	0.7022523623565721
0.23638638638638637	0.7550247888413504	0.7736700893440365	0.8177878928859716
0.2373373373373373	0.8071285713219675	0.8455170397889535	0.8597492812602996
0.2382882882882883	0.7623912018873404	0.6261086403534608	0.7462700425319803
0.23923923923923923	0.79065341155782	0.7551084927783847	0.8226239286874716
0.24019019019019017	0.7765667234398126	0.7958934115778773	0.7577528507691554
0.24114114114114116	0.7171953195157399	0.7344399877416607	0.8274283822584232
0.2420920920920921	0.756623559386915	0.8047338957243725	0.7320297324411537
0.24304304304304303	0.6938357148313111	0.7168686846117125	0.8522353189337426
0.24399399399399396	0.7311889088762545	0.6115111569816487	0.7549982955797615
0.24494494494494495	0.7936156080434329	0.7710825091826409	0.8011823079027464
0.2458958958958959	0.7465289058536846	0.7929935937620558	0.7599373331459426
0.24684684684684682	0.827025407034908	0.7867627958443248	0.7772966612426763
0.24779779779779781	0.7393985746093006	0.7911448766783916	0.7781093924898687
0.24874874874874875	0.7144460204552905	0.7972876256812012	0.7569663702428999
0.24969969969969968	0.8218830356724002	0.7402355958769279	0.8014355980180565
0.2506506506506506	0.7526876288159517	0.7545216110307257	0.7549992333482655
0.2516016016016016	0.7550498826729206	0.8531385568341128	0.7443144465047183
0.25255255255255254	0.814967475951173	0.8152402316267157	0.6377204302552046
0.2535035035035035	0.7885577376415049	0.7285233291883635	0.7964212333627914
0.25445445445445447	0.7266615200316715	0.7496850082305188	0.7175338416576766
0.2554054054054054	0.6862803466685999	0.7830095226595603	0.6998082405208906
0.25635635635635634	0.7529315232332064	0.7459331073771666	0.6130732691408898
0.2573073073073073	0.7081117913355499	0.772172840430221	0.6987867440772435
0.25825825825825827	0.7168075742138633	0.8099265947583122	0.7269744225406299
0.2592092092092092	0.7934790616920862	0.7237353972574719	0.7149224424197593
0.26016016016016014	0.7122676043595539	0.7371542731531057	0.6583164323385232
0.2611111111111111	0.7831918430479777	0.7839847583996254	0.6533496022342691
0.26206206206206206	0.7123366271481918	0.6972188537933977	0.7318695947629805
0.263013013013013	0.7533220967730646	0.7402997975399908	0.7478266803342503
0.26396396396396393	0.7812832050265575	0.6117404906361678	0.8007184767068367
0.2649149149149149	0.8291282916784485	0.7882127591405179	0.7439794261020947
0.26586586586586586	0.8044390260914727	0.742629850481883	0.7053261211580639
0.2668168168168168	0.7546605051843913	0.7289390260237625	0.6912979424099837
0.2677677677677678	0.6946351371127251	0.765289785630122	0.7514248388573369
0.2687187187187187	0.6942806694642566	0.7572413403621895	0.8280335486535868
0.26966966966966965	0.8095583016996185	0.6980059678399094	0.8397554412031992
0.2706206206206206	0.641431849034462	0.731277911888981	0.7707649428060422
0.2715715715715716	0.737622786829786	0.7570951485183022	0.7475678520018681
0.2725225225225225	0.7133875560086894	0.7014149927284292	0.8151174512979054
0.27347347347347345	0.7534868858448999	0.709348998235267	0.7220312250012368
0.27442442442442444	0.7340390864247799	0.6195241275522221	0.7687447637727527
0.2753753753753754	0.7984999833873033	0.7434910996245505	0.7594039493125792
0.2763263263263263	0.797698086881814	0.6127725885258517	0.7686701433392829
0.27727727727727725	0.7384273122729083	0.7703530634255192	0.8201953652927059
0.27822822822822824	0.7617791844924185	0.7825517700811997	0.7258789354115858
0.27917917917917917	0.7492348409472216	0.6983375237112226	0.7317901984140646
0.2801301301301301	0.7105621179065178	0.5940929713458354	0.6705082526823231
0.2810810810810811	0.722515673259226	0.6828782519458079	0.7420172178531705
0.28203203203203203	0.7828493193074652	0.6738010050660288	0.7482963160714667
0.28298298298298297	0.7517927879738274	0.6942529858880705	0.730507350781208
0.2839339339339339	0.7109270030092054	0.6835853690745142	0.6908215632135255
0.2848848848848849	0.6244145040446636	0.7257774370002678	0.6544217459660083
0.2858358358358358	0.6350456776068588	0.7061473281045096	0.7861489268191781
0.28678678678678676	0.753964128437684	0.7697994144989478	0.7631335889284357
0.28773773773773775	0.7052535340144119	0.6794580606780377	0.6573752966127784
0.2886886886886887	0.5876693044744281	0.6439497884415284	0.6696223765341709
0.2896396396396396	0.7453347573072767	0.7174426102357191	0.6326168179818535
0.29059059059059056	0.7167642855289713	0.7097281521338219	0.8026184665577784
0.29154154154154155	0.6905434206593618	0.7078417561565509	0.6105232956467129
0.2924924924924925	0.7044268237828334	0.7287581235352516	0.7041887088918144
0.2934434434434434	0.7229777015686538	0.6940258958010316	0.8339977577368297
0.2943943943943944	0.73486660457919	0.8124602991899258	0.7109801880818734
0.29534534534534534	0.6619891193637386	0.7003715176709641	0.7549391664799713
0.2962962962962963	0.7042022086075469	0.6532407645839762	0.7559909194249838
0.2972472472472472	0.7374059966676764	0.7477788178856085	0.7920729199785113
0.2981981981981982	0.7136096337127298	0.611849222652436	0.619192965266254
0.29914914914914914	0.5625890416783152	0.6700592431023742	0.7742359008002107
0.3001001001001001	0.7068631944281726	0.7299077291842148	0.5836137725573058
0.301051051051051	0.6955252509188905	0.6257774867387089	0.7349753322001504
0.302002002002002	0.6050017766095367	0.693578565588499	0.6825390499805621
0.30295295295295294	0.7336386785158989	0.7635901558794664	0.6239157574247022
0.30390390390390387	0.7466579259154928	0.6276056454538351	0.7157017025072622
0.3048548548548548	0.6676460858361722	0.7217872251924229	0.6103339006284545
0.3058058058058058	0.687991921904358	0.62521048127844	0.6810301584033942
0.30675675675675673	0.6410218864267	0.717821432440806	0.793898735977672
0.30770770770770767	0.6447536651734086	0.7569776155782652	0.7470994474353109
0.30865865865865866	0.6747982891034916	0.6830772119621717	0.7590491714590628
0.3096096096096096	0.7086178226771275	0.5674014285065676	0.7553773535127892
0.31056056056056053	0.6707810369134135	0.7249463181482216	0.7264315589403691
0.31151151151151146	0.6407579805526763	0.6398252173175474	0.6839096107779045
0.31246246246246245	0.6591070730277264	0.554354258897193	0.7101671850597985
0.3134134134134134	0.7257040845554433	0.6261184669970581	0.6779667490531407
0.3143643643643643	0.6203272395282409	0.6856891848380026	0.6717790123023522
0.3153153153153153	0.7058464027513472	0.6623683992069842	0.5716016893723579
0.31626626626626625	0.6478628309688076	0.653984217577228	0.6610990288798796
0.3172172172172172	0.5872044124289594	0.6914258245300048	0.6772492897525176
0.3181681681681681	0.6497690596537585	0.6936655990194569	0.7070637598606085
0.3191191191191191	0.6325122160795643	0.6714565987919163	0.757637325530277
0.32007007007007005	0.7168811784735925	0.7085798958962491	0.6248135639044342
0.321021021021021	0.657169956407909	0.7116755324417772	0.6262161985923881
0.32197197197197197	0.6495032382059353	0.7047771857109109	0.660082049746811
0.3229229229229229	0.7419377403745386	0.7203184569303126	0.7717922877199158
0.32387387387387384	0.6956527149467648	0.7575235978908751	0.7276284020143152
0.3248248248248248	0.6901190185883519	0.6614012902858566	0.6928080538656212
0.32577577577577577	0.659167798310057	0.6848288824275557	0.6719392507431959
0.3267267267267267	0.6487060383561529	0.6507495189275775	0.6350462253255615
0.32767767767767764	0.702734846159454	0.6339155380699216	0.7117238227664233
0.3286286286286286	0.6652352053443841	0.7393906842481427	0.6561488274834494
0.32957957957957956	0.7119759002645406	0.6952061593792683	0.637381752756117
0.3305305305305305	0.6782438136675683	0.7148334188151292	0.675525822599825
0.33148148148148143	0.7482482976397078	0.7768269303063687	0.7392154843773221
0.3324324324324324	0.6747829544093429	0.550395446437698	0.6418505068442595
0.33338338338338336	0.6178861801565447	0.6510865284607311	0.639584130858571
0.3343343343343343	0.650075609108739	0.6951971589074879	0.6974842669106365
0.3352852852852853	0.6273750047351259	0.6884719263411909	0.6450474683107481
0.3362362362362362	0.697346496397092	0.7498097890203523	0.6010135192341665
0.33718718718718715	0.6814346912588463	0.6872340023311776	0.6769303679196699
0.3381381381381381	0.6754025206690497	0.6231132460752994	0.6250220830474399
0.3390890890890891	0.7080041870243734	0.5782499288092366	0.7246345839592366
0.34004004004004	0.623475524532583	0.6002706675672081	0.6823269933625739
0.34099099099099095	0.742448253255293	0.5618245141862688	0.5633743507486746
0.34194194194194194	0.7045460919298153	0.6739325818445046	0.6104976372000842
0.3428928928928929	0.7348455388056052	0.6747491300969102	0.6797976113604156
0.3438438438438438	0.5999343127564223	0.5991995579112436	0.6377002779104907
0.34479479479479475	0.6325143104599193	0.7336999527543553	0.7269717272925372
0.34574574574574574	0.7474450124927686	0.637744933674756	0.6840533630889449
0.34669669669669667	0.6909051495266755	0.6769906615147694	0.5982186815418503
0.3476476476476476	0.6684155790655261	0.6672779182873599	0.612902003100947
0.3485985985985986	0.6835129023784521	0.5241171317860955	0.7115986009655162
0.34954954954954953	0.6111146513976828	0.6772194791454427	0.5572001487026988
0.35050050050050047	0.6539220247008695	0.7056224651958761	0.6378356059151202
0.3514514514514514	0.6883299855840471	0.5345237090640547	0.6656827211055898
0.3524024024024024	0.6773195097987728	0.5592876446434103	0.5987941392226362
0.3533533533533533	0.6760450486556061	0.5410381096472315	0.6505331184784816
0.35430430430430426	0.6652973341611832	0.7021779515816847	0.6505656645342718
0.35525525525525525	0.6445698474257473	0.6812710997696622	0.6242049363940252
0.3562062062062062	0.6672044522267588	0.5796026930522024	0.6130660768662279
0.3571571571571571	0.6012045663944261	0.6810415400368811	0.5804141987105409
0.35810810810810806	0.7079912808629771	0.6503745228415576	0.6387996010448054
0.35905905905905905	0.6084988918567176	0.6058401213677607	0.7188598133032238
0.36001001001001	0.6498185461188052	0.729052093866575	0.5922426875608252
0.3609609609609609	0.6403194936242919	0.755262279260712	0.6079625068049115
0.3619119119119119	0.6536049277558108	0.6195159144822002	0.6870616256451161
0.36286286286286284	0.7844928576151373	0.58621911708568	0.6375455662291141
0.3638138138138138	0.5781195334189477	0.6754007239818236	0.5903036338100645
0.3647647647647647	0.5882269199361571	0.7074054505051093	0.6713976365413349
0.3657157157157157	0.6740926995397809	0.5996850701701093	0.6041780247077617
0.36666666666666664	0.6353002044858775	0.6378813338188315	0.6415925507869331
0.3676176176176176	0.5974638113306068	0.6485894963915573	0.6327178673569775
0.36856856856856857	0.6907270764401954	0.6458882290378344	0.5941656524372079
0.3695195195195195	0.6354875967848173	0.5783468237104243	0.6928406717960348
0.37047047047047044	0.6430090733839761	0.6030573343755112	0.6092688433703722
0.37142142142142137	0.5441448014651332	0.6887885164653728	0.5911315861493756
0.37237237237237236	0.5249578016841068	0.6266780887948324	0.68994366715931
0.3733233233233233	0.7111881128049866	0.6003039748684381	0.667261238669337
0.37427427427427423	0.664848631429206	0.6296511805132954	0.5565599660477826
0.3752252252252252	0.6085315293408868	0.7229356425964362	0.7078827343501655
0.37617617617617616	0.587064800065577	0.6744089971053321	0.6793039692438125
0.3771271271271271	0.6003853503326533	0.5590272223377595	0.6403420410513934
0.37807807807807803	0.6282061384306327	0.6820209033263899	0.6007162293016471
0.379029029029029	0.6285994326223453	0.6491238762681808	0.6244647902585573
0.37997997997997995	0.5545445553266479	0.6165195309954451	0.5710127569998407
0.3809309309309309	0.5706636460765347	0.5913573172737934	0.609495135813406
0.3818818818818819	0.5220629104139602	0.5858806740851942	0.649839651443985
0.3828328328328328	0.5473127077880836	0.5691887156018135	0.6147992080931389
0.38378378378378375	0.5928712501350216	0.5605814341296353	0.6434903087367055
0.3847347347347347	0.6299497815048783	0.6448844226332778	0.6535343055407861
0.3856856856856857	0.6056412589218119	0.5683073163740107	0.646861529660622
0.3866366366366366	0.6168993279409875	0.6111503786866284	0.6158408525052057
0.38758758758758755	0.6357038179650414	0.6118290191788186	0.6049210319629488
0.38853853853853854	0.5825964537453976	0.5289327971862817	0.5852913019281584
0.38948948948948947	0.5406104993345993	0.5806923561992918	0.6375617388938186
0.3904404404404404	0.6072499132091279	0.6436323053358584	0.6302702871606659
0.39139139139139134	0.6467137037619473	0.652667333958566	0.5548224260367928
0.39234234234234233	0.5406343675318961	0.6006371956552506	0.6363986070168199
0.39329329329329327	0.6043199353316461	0.6107531061562023	0.6756939188182849
0.3942442442442442	0.616231691643183	0.6144888148515265	0.6129908361744516
0.3951951951951952	0.6627546576514587	0.6249538186090572	0.7039536597602888
0.3961461461461461	0.5895231426838747	0.633409165011467	0.6969374736907422
0.39709709709709706	0.659930635310486	0.7007753769824513	0.6046665256845277
0.398048048048048	0.5995220710064415	0.609230538088473	0.5406889208180288
0.398998998998999	0.5983709557035982	0.5136193754152758	0.6020358601859158
0.3999499499499499	0.5546674532616325	0.5973444246362982	0.5820836689664585
0.40090090090090086	0.6416403854840163	0.6382899982517759	0.6164014037833808
0.40185185185185185	0.6577966124168071	0.5639664402814225	0.5864507085354009
0.4028028028028028	0.5975817869436427	0.6297128799602263	0.5443500825809288
0.4037537537537537	0.5697520788535552	0.6117517422023396	0.6128475776381644
0.40470470470470465	0.506325170400827	0.5181501396935686	0.6411427384910957
0.40565565565565564	0.660231691557868	0.5898843497545211	0.5354284278511268
0.4066066066066066	0.5817362768995975	0.6276534951982328	0.6221967054385507
0.4075575575575575	0.556844569853868	0.56282723529541	0.5773992068909105
0.4085085085085085	0.5977766665661801	0.6428575273847875	0.6209311419945447
0.40945945945945944	0.5375476592771339	0.6545540679844202	0.5962074447656001
0.4104104104104104	0.5780474940277498	0.5774113287046461	0.6939874606556392
0.4113613613613613	0.5980016867029339	0.6161056318884679	0.6474373678449205
0.4123123123123123	0.6131061144634401	0.5271398418757841	0.5869408243698996
0.41326326326326324	0.5676896180133819	0.6512010405859444	0.5682007023575046
0.41421421421421417	0.5863513242751921	0.6272504465466626	0.556937084566059
0.41516516516516516	0.6420739835434356	0.6070686547515952	0.6436447204817859
0.4161161161161161	0.5357780288552321	0.5497559577378796	0.6306821980085044
0.41706706706706703	0.5124715523861448	0.5653637057050113	0.6100456954896983
0.41801801801801797	0.6665960978421103	0.620776858338761	0.5891703797745701
0.41896896896896896	0.5941116514108421	0.5415677153013055	0.5660271109535948
0.4199199199199199	0.5868881726270444	0.6114176817268239	0.5296188777252563
0.42087087087087083	0.6341344797900939	0.6975609714535105	0.5575957664508355
0.42182182182182176	0.5327907863755139	0.5741499757552987	0.6168281834167936
0.42277277277277275	0.613698907212194	0.5175010381664715	0.5838589076649728
0.4237237237237237	0.5547959709951816	0.5665851509284157	0.726851480746476
0.4246746746746746	0.5739961561711663	0.4763661910090563	0.57392030947596
0.4256256256256256	0.5115451206414118	0.707275982432966	0.6203965379007848
0.42657657657657655	0.5534641857081839	0.6497701761021459	0.5344440065177822
0.4275275275275275	0.545122027309076	0.533122592616166	0.5683141237508347
0.4284784784784784	0.580818529339955	0.660847900719903	0.5430366822463728
0.4294294294294294	0.5798467433725046	0.5640017825265718	0.7047323792297229
0.43038038038038035	0.5564758153946872	0.6117095514561339	0.5415059613370553
0.4313313313313313	0.5940737638879457	0.5004445639571174	0.6579489564307422
0.43228228228228227	0.5850473563418744	0.5196326272974299	0.5688554849229203
0.4332332332332332	0.587757930335209	0.4499930544000649	0.5167460189763005
0.43418418418418414	0.5281908202507846	0.5682966758309496	0.5929220070963392
0.4351351351351351	0.5378503414889555	0.6383763076542976	0.6162142345704354
0.43608608608608607	0.5182572322795559	0.608902982465075	0.5425893179971941
0.437037037037037	0.5233181889540303	0.5723804769598485	0.5379168463775299
0.43798798798798794	0.5104063577643205	0.5955352918780319	0.5060130255440008
0.4389389389389389	0.5342202173304432	0.5527297837302146	0.5610162194421336
0.43988988988988986	0.5617766532448746	0.5142896072927348	0.5576309718501503
0.4408408408408408	0.4694575074115724	0.5470314265659416	0.5551791760484982
0.44179179179179173	0.557632202554118	0.5768429808310148	0.5607764886414345
0.4427427427427427	0.5286150448477703	0.488661236807025	0.5216578442968401
0.44369369369369366	0.5705559127049832	0.5199009293071751	0.5508899317389686
0.4446446446446446	0.583263920422923	0.6165325535169797	0.6094014571991618
0.4455955955955956	0.5227184104902431	0.5299175439027932	0.5548667685477313
0.4465465465465465	0.4858329960996584	0.4382635334256273	0.655228614386638
0.44749749749749745	0.5799637850732915	0.6010905383583642	0.5754014631114251
0.4484484484484484	0.5562270072335389	0.5462889693192259	0.5540820377067576
0.4493993993993994	0.5205798056543918	0.6340157233006846	0.5891039858412982
0.4503503503503503	0.5934468205421404	0.5385257844606464	0.5541922107213854
0.45130130130130125	0.6237967409063446	0.6170809168751026	0.4877867869986536
0.45225225225225224	0.5515989717995636	0.5684779747282597	0.40516070985101466
0.4532032032032032	0.580890089523867	0.5613012752895702	0.5697372823864003
0.4541541541541541	0.5975783908043004	0.5667472070117452	0.5659244197488312
0.45510510510510505	0.551802708835598	0.6337081327140577	0.569340834314292
0.45605605605605604	0.5395928897130804	0.5177921522785901	0.5628380360627626
0.45700700700700697	0.5909149217431672	0.5934723327385151	0.5587961017527322
0.4579579579579579	0.5605051835496986	0.5095091350724789	0.5557272175392381
0.4589089089089089	0.6041056458252889	0.5204928191947044	0.5554868484295314
0.45985985985985983	0.5225752523759649	0.5745185305793299	0.613651596476901
0.46081081081081077	0.5253163060653687	0.517023480127361	0.5509075262637413
0.4617617617617617	0.5388745515017968	0.5742660077583582	0.45346193464770185
0.4627127127127127	0.6399493418465931	0.45626548014734203	0.4741186522755934
0.4636636636636636	0.5377477799298792	0.5007090963300528	0.630118357441805
0.46461461461461456	0.5356953798722519	0.5150469397490807	0.534998206256186
0.46556556556556555	0.58951504999426	0.668586148573462	0.5859779675659003
0.4665165165165165	0.605993872005823	0.5780617522323924	0.5014636299648936
0.4674674674674674	0.583606458698002	0.45758839354942255	0.5436972977081299
0.46841841841841836	0.4369293318123644	0.5805102697284055	0.49214381439416366
0.46936936936936935	0.5853537224647815	0.6441807709223325	0.5755931376834014
0.4703203203203203	0.5476946994814238	0.5264121475492398	0.5877507711927654
0.4712712712712712	0.49308918341523555	0.5804025369566733	0.608166129381535
0.4722222222222222	0.6094674108128846	0.4543192476023036	0.5668758404425341
0.47317317317317314	0.6060055233023127	0.5591569536213398	0.6451537215530616
0.4741241241241241	0.5731205696258409	0.4310499714895532	0.5572971791186889
0.475075075075075	0.6086700691474624	0.5333365228406123	0.5188036880499074
0.476026026026026	0.5101664958625814	0.5200945092989016	0.5169936362687105
0.47697697697697694	0.5416258329721779	0.5223377902379164	0.5083820480270801
0.4779279279279279	0.5418774101648826	0.49946667564590125	0.44999288735185344
0.47887887887887887	0.5979984844609205	0.5924539152935748	0.6237833105496087
0.4798298298298298	0.49518046626896506	0.4908828125094858	0.5282855015519743
0.48078078078078074	0.5697605425566987	0.48499449979506754	0.5270411228910272
0.48173173173173167	0.5028776216469522	0.4376031213864663	0.5777915076272945
0.48268268268268266	0.4946926817199855	0.5182219408062302	0.4209713651163554
0.4836336336336336	0.5197219479075039	0.4790145170108584	0.526911613683906
0.48458458458458453	0.4683832970015145	0.511418477697744	0.5025008072492241
0.4855355355355355	0.5647326209188963	0.5139286053349772	0.5475642950246942
0.48648648648648646	0.5549559970138437	0.5050587318717839	0.5442708471729573
0.4874374374374374	0.5736145814041919	0.4527613363225846	0.5157915576105784
0.48838838838838833	0.5156326682697677	0.5532442287930731	0.48632065835347105
0.4893393393393393	0.4353194462752589	0.4907199314972861	0.6508402977410642
0.49029029029029025	0.5035159978308659	0.5243904396440993	0.5654737428545757
0.4912412412412412	0.572738370382489	0.5442458932418245	0.5031697731033563
0.4921921921921922	0.5727686272856215	0.5418220954415672	0.4330793647966372
0.4931431431431431	0.4557864491795023	0.4676559193820107	0.659824574020908
0.49409409409409405	0.5322289107139088	0.5559020821471811	0.5390372389374545
0.495045045045045	0.5208362867394194	0.4106925411084659	0.398647662156978
0.495995995995996	0.47688593264317874	0.4953401992219743	0.4308993102909098
0.4969469469469469	0.5199133078140618	0.5834993052994459	0.5223038878581278
0.49789789789789785	0.5469450795440148	0.6080468058756391	0.5035347287351809
0.49884884884884884	0.5096717522871601	0.46930252275057555	0.47089988901863583
0.49979979979979977	0.5008631287899381	0.5268546896873991	0.5120368604214783
0.5007507507507507	0.5864668660478546	0.43471713596597933	0.5433078983553904
0.5017017017017017	0.43601440069481934	0.4864220259767263	0.5115631351389517
0.5026526526526527	0.5001761804822141	0.5207149006064429	0.5285339002110429
0.5036036036036036	0.5219794487985552	0.46449750808789275	0.5204080964945877
0.5045545545545546	0.5378051820236348	0.5742292725814742	0.46086256663108577
0.5055055055055055	0.49308033527555384	0.45281265417758887	0.47699446930733974
0.5064564564564564	0.4610943399494072	0.4429661726076997	0.4661698640987578
0.5074074074074074	0.5548634431157635	0.3927429863141401	0.5382691466217338
0.5083583583583583	0.47768609405202894	0.4579633542628812	0.5363242123363197
0.5093093093093093	0.5256341002113755	0.49633994931579317	0.4788350961346931
0.5102602602602603	0.5211660282598025	0.5366689262442288	0.43997032909731454
0.5112112112112112	0.5857691920978823	0.5127891491939054	0.4710078704208704
0.5121621621621621	0.6302192288593169	0.53267363091695	0.43257111994592967
0.5131131131131131	0.46508598560822895	0.45242168360724144	0.5551843309252465
0.514064064064064	0.5012408799533216	0.44470315286297346	0.5090266163432954
0.515015015015015	0.4483535315017601	0.5254753313475868	0.5005117604212538
0.515965965965966	0.5086812430007879	0.4627830854953238	0.45857198474517763
0.5169169169169169	0.3982650807592605	0.49873054398367367	0.5369065860046156
0.5178678678678679	0.4588665178573226	0.4862807863420283	0.4712936333474102
0.5188188188188189	0.530261878909321	0.3985672359512244	0.40574448316027417
0.5197697697697697	0.44643862801160294	0.48928199841371217	0.437736295201227
0.5207207207207207	0.41592227397667814	0.5194567215041379	0.5382184583723898
0.5216716716716716	0.42408668094844926	0.4705142443428184	0.5213012693203943
0.5226226226226226	0.471052093949973	0.46178307829879267	0.43385580606628704
0.5235735735735736	0.5073212009854601	0.485844523949771	0.4977013485830579
0.5245245245245245	0.5003788783739512	0.407945809735877	0.4384328619046431
0.5254754754754755	0.5412709885266349	0.48578510291094795	0.43288026965864507
0.5264264264264265	0.5118703733263326	0.4085790334757937	0.4546155192059745
0.5273773773773773	0.47492672220990406	0.46359351443603763	0.4483033567885255
0.5283283283283283	0.49976689405353386	0.35748427180476694	0.5639887985913524
0.5292792792792793	0.4417215507994237	0.5106080890324582	0.4483324634997445
0.5302302302302302	0.46837820190557616	0.42071327218232707	0.46314617086365795
0.5311811811811812	0.4667764297845471	0.3987775936981635	0.37276860276699514
0.5321321321321322	0.46513265702537826	0.4479052309267213	0.38519958535369264
0.533083083083083	0.5118933747316319	0.46497200327334753	0.43736851984502817
0.534034034034034	0.448803320503888	0.48942755039917674	0.5146714936852373
0.5349849849849849	0.47235329455672803	0.47278821404791216	0.4536359318564534
0.5359359359359359	0.5249944066655607	0.423875343295026	0.5146697785610712
0.5368868868868869	0.42198451996875797	0.4411445668201496	0.3756586558735572
0.5378378378378378	0.4648541408067321	0.45337599331700346	0.45106369689538034
0.5387887887887888	0.43087271696041396	0.557329766360986	0.5178225841557662
0.5397397397397398	0.4650336630821494	0.4840565590143879	0.4854643262208068
0.5406906906906906	0.3785267935844224	0.41736742003373717	0.49070674719169616
0.5416416416416416	0.3642839227553528	0.460953155063859	0.42785588023972865
0.5425925925925926	0.4640456103554716	0.5016147068417189	0.4527759306657356
0.5435435435435435	0.48658791834665915	0.4226939571412643	0.5874129695348905
0.5444944944944945	0.5159053442297558	0.4687297583989098	0.46353352618665666
0.5454454454454455	0.5153504217361092	0.4616207540858954	0.4299151639751722
0.5463963963963964	0.5308331471764662	0.483847511586978	0.4574800364307744
0.5473473473473474	0.5222756809231262	0.39827630170215056	0.46143233808619005
0.5482982982982982	0.47330281920788086	0.3953152471987077	0.49335404330672505
0.5492492492492492	0.41986107747913143	0.5754918443278297	0.4691794380893909
0.5502002002002002	0.5061846457804536	0.4982887301492092	0.34206424556039094
0.5511511511511512	0.3224859333531481	0.43684268841395446	0.461251593886859
0.5521021021021021	0.45847210193132343	0.5325138770661665	0.4376834357517422
0.5530530530530531	0.5492409413189878	0.45039810017475146	0.424596821571905
0.5540040040040041	0.4496003353975486	0.48052086906938235	0.40384062464262704
0.554954954954955	0.3775332173750531	0.4582812945596852	0.45121229945918795
0.5559059059059059	0.42413058900745687	0.4424301634527097	0.34449507941758356
0.5568568568568568	0.3824810292555199	0.47887343320168785	0.4314092968166775
0.5578078078078078	0.4143034217109426	0.45888193269886646	0.44210224277508875
0.5587587587587588	0.3611400346061281	0.3909610532575229	0.44850160824461094
0.5597097097097097	0.4136714263925536	0.3948730444978416	0.5471388641695405
0.5606606606606607	0.5053422310865376	0.42078009873721994	0.38102693518582953
0.5616116116116117	0.4501224571924911	0.4379213520285271	0.42296713594113233
0.5625625625625625	0.3911844023637322	0.43141543676999666	0.36278982521525777
0.5635135135135135	0.4220123173833781	0.4341012067953663	0.4195098126734417
0.5644644644644645	0.4027882180983495	0.4477950014025483	0.4815955864174498
0.5654154154154154	0.4691769841210147	0.5012433505414889	0.47194280084137996
0.5663663663663664	0.3114024231955394	0.42576488113299	0.45976310761601374
0.5673173173173174	0.48293357068389947	0.3857012710876928	0.36652961441889714
0.5682682682682683	0.4472549487291085	0.3948479118576924	0.44505738408813017
0.5692192192192193	0.45802980064533855	0.3199673414538286	0.46745707171234185
0.5701701701701701	0.4128134026972689	0.5849892982348812	0.4227549643491707
0.5711211211211211	0.4488954393698704	0.4399629755228626	0.3926862988685948
0.5720720720720721	0.4190616025208802	0.42606910863671693	0.308765139443834
0.573023023023023	0.39290310461202216	0.4174185130369829	0.3979369787495098
0.573973973973974	0.3694872270316335	0.4538544368976201	0.4651799437669882
0.574924924924925	0.42318424027761664	0.4745678881517803	0.399803060539262
0.5758758758758759	0.43778786334312125	0.46509376405250413	0.36695191073534683
0.5768268268268268	0.3845193551242017	0.44397627030957826	0.45872872811412
0.5777777777777778	0.37393892194386036	0.34768801815023254	0.435407279948969
0.5787287287287287	0.40692978233565585	0.4695778933491981	0.49099580133649734
0.5796796796796797	0.39453910045926366	0.4707104878174985	0.4502746518581175
0.5806306306306307	0.3902613792716439	0.45383654109058824	0.4225108665962653
0.5815815815815816	0.3729931338095215	0.40029915700342555	0.36928484552264607
0.5825325325325326	0.3639554692258922	0.3504856814955861	0.45751878174073135
0.5834834834834834	0.43518236251905285	0.40116137293426507	0.41739482450630855
0.5844344344344344	0.3799874409229239	0.37835530025792796	0.40319012173118335
0.5853853853853854	0.4248153825896747	0.3592091056842467	0.39815287052028486
0.5863363363363363	0.4517921376288205	0.3551884273408349	0.4005394846309797
0.5872872872872873	0.3663958261844214	0.45662287827001324	0.4215140537990961
0.5882382382382383	0.4817720803627026	0.33387974470681236	0.42852961551375157
0.5891891891891892	0.4522557655281035	0.37930566276374056	0.4562661517905526
0.5901401401401402	0.35425315173197935	0.4099974379814311	0.31378146735874013
0.5910910910910911	0.3466010972091491	0.43644042624094265	0.42695573769664347
0.592042042042042	0.41745008128782235	0.4230707636689415	0.3908308724775842
0.592992992992993	0.39193968894725684	0.4283644924017673	0.4927430606543243
0.593943943943944	0.5230694205186304	0.4563140801253025	0.4346089978211525
0.5948948948948949	0.33150972976166476	0.4356362120205207	0.3616305425379238
0.5958458458458459	0.4207967010360334	0.3865307932702503	0.501156800310352
0.5967967967967968	0.3754603239658893	0.368616743071945	0.3866617360623889
0.5977477477477477	0.4758257768048154	0.32293410166912845	0.4596561841675626
0.5986986986986987	0.5426589264266062	0.38503251739854927	0.4370269884142133
0.5996496496496496	0.3986578557433296	0.37606863420045494	0.3835770133158184
0.6006006006006006	0.4382317867883706	0.3754119827282925	0.4419789905664255
0.6015515515515516	0.3461851404636844	0.42929792260485966	0.42555575488296027
0.6025025025025025	0.42453745449369057	0.4179023014004866	0.3329866217235644
0.6034534534534535	0.40325482064597246	0.41578908821313915	0.35390262753284385
0.6044044044044045	0.3698910642950971	0.36492066497807524	0.38466458242184876
0.6053553553553553	0.32363130438593385	0.38868420176798507	0.4142578189426127
0.6063063063063063	0.3291713953437313	0.37322717014871815	0.4471011559357473
0.6072572572572573	0.3834455320523642	0.37136774325874655	0.44227283888693103
0.6082082082082082	0.28816422028109	0.39946526787014347	0.5048199841699181
0.6091591591591592	0.38907651463908854	0.3972574482211847	0.46746474198660337
0.6101101101101101	0.42828557421978913	0.3892303052013919	0.35260080279917605
0.6110610610610611	0.3843352068373485	0.38188862393477796	0.34625200421026
0.612012012012012	0.39863797041801197	0.3621599759636222	0.3826568608140336
0.6129629629629629	0.32251747936130615	0.2668671365169431	0.4164340547951153
0.6139139139139139	0.36382935182067616	0.32085137460644336	0.31482341299250965
0.6148648648648649	0.3904977737673717	0.42603453343420533	0.3101698487476626
0.6158158158158158	0.36688868430679467	0.43136893990159403	0.392445570531929
0.6167667667667668	0.424339050309704	0.421430199610148	0.4285245008015784
0.6177177177177178	0.3066876163366678	0.3016875057980513	0.30843266473497977
0.6186686686686687	0.4002365104441365	0.4478256159625762	0.4704257328982088
0.6196196196196196	0.4505961175992391	0.3499506008252234	0.4782666069189523
0.6205705705705706	0.2696828041266963	0.3709869851280792	0.4490861733787864
0.6215215215215215	0.4362412981353744	0.36990879045046526	0.3527118544680356
0.6224724724724725	0.46098470112260204	0.3157989733415393	0.4392338708873942
0.6234234234234234	0.37246680420320827	0.30260035775386973	0.3874506299704779
0.6243743743743744	0.39366354535646186	0.36175081468275583	0.33178961865058826
0.6253253253253254	0.4107170256083828	0.3747416410727554	0.3566921227050133
0.6262762762762762	0.35975005634915624	0.35519734131772007	0.44685611711050305
0.6272272272272272	0.43589401758481305	0.3157007057588751	0.3615164791703709
0.6281781781781782	0.2950541693032731	0.41670623263493656	0.3630895929797701
0.6291291291291291	0.3883999513940566	0.36482352204754404	0.3626545313865772
0.6300800800800801	0.28920118198780487	0.4154963115164395	0.37592472047103825
0.6310310310310311	0.31733718893414986	0.40583427756135526	0.35719531237911595
0.631981981981982	0.41808972551935325	0.38274894698487616	0.34091463931214094
0.632932932932933	0.38737443340800676	0.36826065150559334	0.41495927759496276
0.633883883883884	0.38248489147162146	0.3549620676281181	0.31249596999230417
0.6348348348348348	0.35428863460824045	0.3528220297540959	0.4018562320554865
0.6357857857857858	0.33341473787941794	0.4044516078338025	0.36544451855622107
0.6367367367367367	0.3192346761424105	0.355398899673953	0.43443313395081123
0.6376876876876877	0.38124275391075485	0.4372911718659879	0.3263466432902439
0.6386386386386387	0.4314168445251154	0.3253673475042278	0.3693177983890766
0.6395895895895896	0.3625288986358897	0.3401143933370739	0.24657724028780498
0.6405405405405405	0.3852984846450037	0.3605321957069418	0.4377578137909833
0.6414914914914915	0.38925109605594715	0.3443489034616568	0.3097497528785004
0.6424424424424424	0.37883545976524385	0.35776816369933523	0.3744458231296286
0.6433933933933934	0.29127830941585864	0.35791194101216695	0.3516144435144197
0.6443443443443444	0.34062901956366126	0.42428042874770566	0.36686459808992694
0.6452952952952953	0.4383438384753019	0.33157665375860407	0.35075530395501636
0.6462462462462463	0.38314528578443496	0.4085866945484759	0.3265884753395108
0.6471971971971973	0.3542424046139818	0.3695537536300553	0.3221565103409989
0.6481481481481481	0.3161089105495838	0.41949202676258385	0.3457046817702814
0.6490990990990991	0.3914476022811331	0.3209521310069017	0.4153496965386885
0.65005005005005	0.3871439510348211	0.4112525972792657	0.45948737969106157
0.651001001001001	0.35349422134522834	0.32960908221113777	0.277676362504709
0.651951951951952	0.4228289909821527	0.31413875413501957	0.3964429348419647
0.6529029029029029	0.357242938417229	0.3754073532050217	0.3177856598756551
0.6538538538538539	0.4609534047759696	0.38447395308565274	0.3550441990559501
0.6548048048048049	0.3202337233409955	0.46718252896798573	0.3455984400198555
0.6557557557557557	0.37219341411121254	0.37734518340544415	0.2292016928604037
0.6567067067067067	0.31974306449669515	0.25473669068393334	0.3707416914702605
0.6576576576576577	0.3007108612431316	0.2613904634348086	0.30505870045698696
0.6586086086086086	0.39443342605272874	0.3866644620559906	0.40863731985436647
0.6595595595595596	0.24795681710639275	0.26705659813212734	0.338423877910759
0.6605105105105106	0.336698330096832	0.3138703406919313	0.37162378290986003
0.6614614614614615	0.3663264925265129	0.3659058905784342	0.39555673561359966
0.6624124124124124	0.3901980206854523	0.32183039586307843	0.3537940968359202
0.6633633633633633	0.3815938699535339	0.3359264724549808	0.3138400111108243
0.6643143143143143	0.2987855269994083	0.3342731879552996	0.27023948646922147
0.6652652652652653	0.41571423388266443	0.3664412805291729	0.3573069837141519
0.6662162162162162	0.3526852622578439	0.2956628541501802	0.3579621705984546
0.6671671671671672	0.3550705467820044	0.3406652574940888	0.364277624306076
0.6681181181181182	0.3184180111007166	0.37053853858129143	0.33709909218143846
0.669069069069069	0.4507578589809017	0.30760283680977546	0.29045485059664056
0.67002002002002	0.4014231678829629	0.3264489006578966	0.3570745961616848
0.670970970970971	0.32945888823919794	0.37908711112721505	0.2734879471016467
0.6719219219219219	0.3016746419134928	0.2910942237696632	0.30371572199403307
0.6728728728728729	0.33899275274373214	0.2959938386354091	0.2869630011848689
0.6738238238238239	0.34501930643341433	0.32877883650803497	0.24527319769979383
0.6747747747747748	0.30449296662933584	0.31221753158487836	0.3603772205968402
0.6757257257257258	0.36512179736041306	0.2581627066532095	0.3639621568023396
0.6766766766766766	0.29290456770658274	0.2580167336100201	0.311226719228739
0.6776276276276276	0.31461830444666444	0.3622062642264027	0.28483513551894996
0.6785785785785786	0.33032734239456324	0.3466859602380889	0.3340873980094414
0.6795295295295295	0.345426878780691	0.230941367775646	0.2840176805498284
0.6804804804804805	0.35627609316195924	0.3691104610168114	0.40865880800299226
0.6814314314314315	0.29132676782612327	0.3577268427476247	0.17457815554802025
0.6823823823823824	0.32162574186655923	0.2897494758196977	0.4093443012287409
0.6833333333333333	0.2825705066363362	0.28582547504752226	0.32828281909538853
0.6842842842842843	0.25288366078278834	0.25693339646307795	0.41859357281718734
0.6852352352352352	0.3093782171623209	0.24543460807008155	0.3429605070285708
0.6861861861861862	0.3987040163520077	0.35971961597317265	0.33760394446228736
0.6871371371371372	0.24086894429279188	0.3788793386157958	0.403492269773418
0.6880880880880881	0.304697079503747	0.2538638878635028	0.31157293513082085
0.6890390390390391	0.3659905422849728	0.34209206768744893	0.3525111291373245
0.68998998998999	0.2926647043476922	0.3180699772300195	0.3715399265030246
0.6909409409409409	0.33205063569263515	0.3060533848395126	0.3984616180463847
0.6918918918918919	0.38583097765000884	0.30760610512279213	0.414003330159422
0.6928428428428428	0.34760564124253807	0.28886577011792275	0.3862821430919264
0.6937937937937938	0.282636591705887	0.2760582902178422	0.2570068690304543
0.6947447447447448	0.30875709240297977	0.31190095979344895	0.23849562097218466
0.6956956956956957	0.33856367515044755	0.24078385608712988	0.4016155875467436
0.6966466466466467	0.2646666465735706	0.2753730256758223	0.34809844345206037
0.6975975975975977	0.29429980234526576	0.2426738255354918	0.3048767117100883
0.6985485485485485	0.2617973495800979	0.3732734495312616	0.2832978927119052
0.6994994994994995	0.1363193995491626	0.427276730497525	0.25656680890208533
0.7004504504504505	0.31327509590730684	0.32802242213593685	0.3601699081828408
0.7014014014014014	0.27688352688440254	0.2506751722318472	0.23863496814076635
0.7023523523523524	0.26737767221102227	0.3583566831320534	0.28741983759493017
0.7033033033033033	0.2842634862846613	0.2536071837783126	0.403007060603224
0.7042542542542543	0.3295933971938068	0.32339017442652285	0.3223964779399321
0.7052052052052052	0.23451080320054907	0.18641705138790274	0.24470144892166676
0.7061561561561561	0.21308964668919744	0.31339692939049413	0.32203164415962116
0.7071071071071071	0.28243688887497104	0.37678211435011005	0.3286272667119518
0.7080580580580581	0.21541044953338861	0.33174187814632167	0.21269766152923292
0.709009009009009	0.28633225646062826	0.2943347054214696	0.2813018900752112
0.70995995995996	0.28902634058670235	0.3189548043762701	0.3624256085828752
0.710910910910911	0.31982628226169396	0.31718890139647404	0.2535082447548994
0.7118618618618618	0.25709725012653334	0.2558954670017762	0.3205567456077438
0.7128128128128128	0.22203303412903042	0.3043457214138892	0.26094727557957703
0.7137637637637638	0.3163465204054182	0.27663023124843417	0.3196166882544411
0.7147147147147147	0.26910392557057816	0.32676875268670746	0.17182012722500373
0.7156656656656657	0.2593012063011308	0.2763125370667792	0.3506941722996798
0.7166166166166166	0.38013307607856783	0.33973542232083465	0.2707247592324923
0.7175675675675676	0.2437703883663178	0.23183204532807944	0.287098584264134
0.7185185185185186	0.3171881985818871	0.19169446874154228	0.26748822161241126
0.7194694694694694	0.331156604218815	0.27967799580580494	0.27339254543224917
0.7204204204204204	0.27851713574269954	0.3248275523277422	0.2736881378183968
0.7213713713713714	0.2514428697287905	0.3223251622298174	0.2755432597581077
0.7223223223223223	0.36104028354852885	0.24145402705157942	0.24773163520814478
0.7232732732732733	0.27854852229698845	0.27150415779714326	0.30079174944336967
0.7242242242242243	0.2569777509370428	0.22558774471053156	0.21464724460999954
0.7251751751751752	0.3052359373797343	0.21200720105279758	0.3008683057270396
0.7261261261261261	0.2217027957438428	0.2191874240414532	0.31967669667677534
0.7270770770770771	0.19179389966195654	0.21814247734537412	0.27910797295461004
0.728028028028028	0.24898221465511797	0.28328189545956495	0.2399445725517285
0.728978978978979	0.22513998648085268	0.2833810947714103	0.3731503053065861
0.7299299299299299	0.23460280765261282	0.28628765296589964	0.23097943875582452
0.7308808808808809	0.24828711901388711	0.25946461342961036	0.2626759634907945
0.7318318318318319	0.31827622448906545	0.25832363725164303	0.25171495973891106
0.7327827827827827	0.23193547336574982	0.31881635701769295	0.22269334384760556
0.7337337337337337	0.2939126249991886	0.2757286486235265	0.2597794630419481
0.7346846846846847	0.23385079593910785	0.27812730488309334	0.22389787801617378
0.7356356356356356	0.24660607189960043	0.25157361160942643	0.16482047878828843
0.7365865865865866	0.2880820480093016	0.22973685865139148	0.23522442377952796
0.7375375375375376	0.3075773746213994	0.20765417761241314	0.2781978354242562
0.7384884884884885	0.18916841620946512	0.2074058191207051	0.21340715317512202
0.7394394394394395	0.23254402656615175	0.2680006191963053	0.3353656498166054
0.7403903903903905	0.2946882127842157	0.31897365216622375	0.1807077119569122
0.7413413413413413	0.32782113547323555	0.27688720109437914	0.2487616739949071
0.7422922922922923	0.12417827552428315	0.2378652493665649	0.2640317046773991
0.7432432432432432	0.23206682214125357	0.3080614398961197	0.2323272386568704
0.7441941941941942	0.18459925421462947	0.22170872546758263	0.1935451506668402
0.7451451451451452	0.30301374719247176	0.2800090442896987	0.3522961611265056
0.7460960960960961	0.20200128846937027	0.2358611057470592	0.2780663166140309
0.747047047047047	0.28143178995565404	0.23896268002834786	0.2628031644947051
0.747997997997998	0.2937391058648021	0.2639931965665947	0.22780828714948853
0.7489489489489489	0.2269138134535394	0.26030450174150466	0.2903925424814658
0.7498998998998999	0.22037627296041545	0.18548249288670243	0.30884754625364186
0.7508508508508509	0.23735163528841913	0.2542289246859525	0.23155784366070944
0.7518018018018018	0.26746706406508	0.25876843983431863	0.257816695078599
0.7527527527527528	0.21903155219045314	0.2871983509650554	0.32726750135406785
0.7537037037037038	0.31931847235584476	0.2674270270859983	0.26736957263521954
0.7546546546546546	0.27853451508574867	0.1805319702111784	0.3173838666935161
0.7556056056056056	0.25290365702494216	0.3026670600934449	0.24378031267925046
0.7565565565565565	0.24350900111131993	0.33812041367562945	0.21123020909810236
0.7575075075075075	0.19253977851500972	0.31643896633499397	0.22852372033833013
0.7584584584584585	0.27791383827509536	0.21966096632856788	0.2553074281630036
0.7594094094094094	0.22034025979746752	0.1699610314253741	0.34271108655488286
0.7603603603603604	0.28661496534471204	0.23566873228167456	0.32212113011324883
0.7613113113113114	0.2686165173508394	0.1545121303915395	0.2594962549954103
0.7622622622622622	0.23149884280058056	0.2064053165188346	0.18859292514111328
0.7632132132132132	0.3247078756576764	0.28102562977517404	0.3224406737770308
0.7641641641641642	0.25263751749768504	0.34155252151118876	0.1808035356155183
0.7651151151151151	0.2077079382778052	0.2016641979285097	0.21157070025903163
0.7660660660660661	0.26063571410673325	0.21680721417373258	0.24738698802899178
0.7670170170170171	0.2739766145337915	0.22258293774930446	0.2526231218320414
0.767967967967968	0.1582347143187736	0.27724486607419146	0.2328789203184029
0.768918918918919	0.22951296928854636	0.22911032819770233	0.1956753473505652
0.7698698698698698	0.21081959023917968	0.24027983582446594	0.22026439526589683
0.7708208208208208	0.2929393141838544	0.27606351324426254	0.29593490230673575
0.7717717717717718	0.2306963397970031	0.26799680688888705	0.22923343403155275
0.7727227227227227	0.29791842720316636	0.2191226226439043	0.21355393823679591
0.7736736736736737	0.19044746980495436	0.3078471052634681	0.25813418425494583
0.7746246246246247	0.2608013544219718	0.25798735054299776	0.16923631715468096
0.7755755755755755	0.19516261457338943	0.18900381316591167	0.3218422318049913
0.7765265265265265	0.24832630964398383	0.1588547609102668	0.22661914648936313
0.7774774774774775	0.3254615879168954	0.22988385657147792	0.24287887776937175
0.7784284284284284	0.23108507942337997	0.227835149602714	0.28474692718747385
0.7793793793793794	0.19867651264030106	0.2589642839071901	0.17601637377219548
0.7803303303303304	0.2698689220025128	0.2542395126271462	0.19547937564138532
0.7812812812812813	0.17779642829359862	0.253935205174732	0.19898623597822868
0.7822322322322323	0.13045119936135424	0.2660846035137642	0.25864041416243816
0.7831831831831831	0.34081947109473065	0.23879223936524357	0.1820091455630211
0.7841341341341341	0.19837109096524635	0.14869297781338797	0.24884918676397275
0.7850850850850851	0.23081745886370744	0.214684283547165	0.2787890155183467
0.786036036036036	0.20324915150893824	0.29705501043658367	0.26244662531601215
0.786986986986987	0.11521930365608457	0.17782946902226954	0.22796559521683626
0.787937937937938	0.2845467970116179	0.22680885649470514	0.21771241082811962
0.7888888888888889	0.19716124497487914	0.25806166570290323	0.25546483380978613
0.7898398398398399	0.2541385776817726	0.3322523379117287	0.1592087828904086
0.7907907907907908	0.16890029172874496	0.20481966657936768	0.1873691009971492
0.7917417417417417	0.22609884237204983	0.13406394828440443	0.2246593490086649
0.7926926926926927	0.14191707154193978	0.2034568416804985	0.15203507021926654
0.7936436436436436	0.20824685256809464	0.14450030409087908	0.2208947850391197
0.7945945945945946	0.1706054506459179	0.19530848168478676	0.2219142641496494
0.7955455455455456	0.15813597047857844	0.18091274425853154	0.23190532258047666
0.7964964964964965	0.20002785110409896	0.10005402311878912	0.22733637702568968
0.7974474474474474	0.24830461528166808	0.15362409599272384	0.2070941055178514
0.7983983983983984	0.19885900630877312	0.20194241977713315	0.20725616822899287
0.7993493493493493	0.24509786979582424	0.18802786021500298	0.11971413372218459
0.8003003003003003	0.1512823933475373	0.15272106694706264	0.19996119251608768
0.8012512512512513	0.29750705297261426	0.22902410973463802	0.21076315630381082
0.8022022022022022	0.09158298626366951	0.17703504474964465	0.17833526214545403
0.8031531531531532	0.17048465402124646	0.17190183766959782	0.22711391921251775
0.8041041041041042	0.22634605512061903	0.20021124844207872	0.15709463493741252
0.805055055055055	0.24722266089406847	0.27402906113870373	0.23965554057081054
0.806006006006006	0.1920981568539784	0.24825719213020167	0.19238155125719594
0.8069569569569569	0.1778136984036914	0.14583111546023395	0.25161443082942636
0.8079079079079079	0.21846740564839362	0.20798828309395198	0.12540352630204754
0.8088588588588589	0.12133241555091695	0.2228820034399799	0.15791838038301176
0.8098098098098098	0.13911454920177024	0.23445075378742702	0.16556540766336425
0.8107607607607608	0.17211124707874778	0.18124849120895167	0.24149448599677295
0.8117117117117117	0.1626008436033507	0.19707339887614256	0.2239348434276935
0.8126626626626626	0.2047238068584918	0.1740844685679142	0.2039392995303243
0.8136136136136136	0.2219274198013572	0.22057121975026775	0.12351213970908985
0.8145645645645646	0.22645374350651667	0.16621975508213332	0.187319134106695
0.8155155155155155	0.1732062843774235	0.17621913893680075	0.26259108533921494
0.8164664664664665	0.18699543988756553	0.17011506485319416	0.24269123330372053
0.8174174174174175	0.10225180824249701	0.15775201569498487	0.21434415687679342
0.8183683683683683	0.2258030290826977	0.129918724967812	0.1523434055884758
0.8193193193193193	0.246151315705038	0.1667964060161644	0.23069193581631867
0.8202702702702702	0.1457534436862125	0.2104765562053154	0.26495382293124187
0.8212212212212212	0.1399577442956248	0.19592903527033032	0.1858120068903142
0.8221721721721722	0.22379073898903196	0.15456167265929832	0.18656799188952022
0.8231231231231231	0.15470425091893011	0.18422709549514715	0.2553222982701905
0.8240740740740741	0.1725394773595087	0.15738197362201728	0.22234643777796098
0.8250250250250251	0.20726562556065942	0.24465847155371206	0.17028997879076418
0.8259759759759759	0.10532432521209119	0.14616482732343625	0.17580952748946124
0.8269269269269269	0.11442510086401636	0.250884294749817	0.15213779872510483
0.8278778778778779	0.24791682463257764	0.22461058140272516	0.12551419852982112
0.8288288288288288	0.1399448400525436	0.18407524678020407	0.08766300530466431
0.8297797797797798	0.07842795757034775	0.170650016145985	0.1336404351110113
0.8307307307307308	0.12208699353626284	0.15873592610954157	0.1496339185647473
0.8316816816816817	0.168180835496436	0.13886743576737984	0.1260392426409441
0.8326326326326327	0.2234545968950256	0.14469924420141747	0.12816928048853185
0.8335835835835835	0.14535517489600316	0.14171055192094395	0.2352490815333949
0.8345345345345345	0.1596587972834299	0.22860790900297145	0.1512098357960126
0.8354854854854855	0.20480555172423487	0.18791578584295782	0.26683941040800097
0.8364364364364364	0.17899664799688048	0.15146047063462753	0.09600287393531676
0.8373873873873874	0.15760011339254615	0.09524770407762022	0.1146978504775999
0.8383383383383384	0.12518139574823095	0.1550215133283852	0.14835768203978272
0.8392892892892893	0.1458758910223006	0.09329899844601747	0.19531670942606252
0.8402402402402402	0.12783792445952033	0.1084426752682932	0.12102800078563877
0.8411911911911912	0.15944968622539252	0.16412691583262928	0.070073411814918
0.8421421421421421	0.0642689530688447	0.185759190505978	0.15438657397952515
0.8430930930930931	0.07943098210497887	0.20020242059490634	0.15148731640818683
0.8440440440440441	0.09518460760981487	0.1611792775491366	0.21279331111802716
0.844994994994995	0.23866064808371995	0.139683421313619	0.0975484136860385
0.845945945945946	0.15892439292874258	0.1195884006268502	0.12227958928861492
0.8468968968968968	0.09749373091155383	0.166088849831461	0.1557277378579718
0.8478478478478478	0.15100176982545177	0.12831907308257925	0.0989213309483615
0.8487987987987988	0.22359515504033423	0.1354787748261101	0.16847363831511056
0.8497497497497497	0.11550116626494902	0.20221549994129803	0.07444272406051493
0.8507007007007007	0.2595032027368849	0.18662522248462876	0.1981183395864959
0.8516516516516517	0.15683603859786535	0.14762511269381448	0.1064093058689756
0.8526026026026026	0.2251378048120647	0.12478864075598047	0.17347665415351074
0.8535535535535536	0.15122127163741478	0.11511645578968933	0.11951999650520011
0.8545045045045045	0.19554024081441704	0.15364470961403778	0.14861477712476612
0.8554554554554554	0.15412200089040215	0.12212085790991282	0.15968678505376355
0.8564064064064064	0.15694331621467777	0.13040367323947716	0.05
0.8573573573573574	0.13863322384432644	0.21364581976608937	0.15634915055843496
0.8583083083083083	0.05	0.14883175811020538	0.16603617888625427
0.8592592592592593	0.07489360537814888	0.08237379551887083	0.1608030439384156
0.8602102102102102	0.0945766192616242	0.08502718866601805	0.15969954800653557
0.8611611611611611	0.14074561029644028	0.20620873719642918	0.09671490894091064
0.8621121121121121	0.21374557950199286	0.1382006456526729	0.17362535624255918
0.863063063063063	0.13368033818066255	0.08274283791692444	0.1391862673211661
0.864014014014014	0.16726695045257606	0.20653133771282295	0.05
0.864964964964965	0.14322250795863317	0.14549571001812506	0.1335961636019036
0.8659159159159159	0.11719233746969326	0.10199904816153207	0.11697182758427983
0.8668668668668669	0.11466070719714586	0.1713754717393864	0.18778462166005308
0.8678178178178179	0.18225437002581724	0.12529529066555276	0.16416428820743342
0.8687687687687687	0.10243604270009726	0.2209804798758424	0.1528816183529756
0.8697197197197197	0.2089635185291569	0.2359014647817877	0.18041925017930457
0.8706706706706707	0.24851619999352237	0.14154187469007262	0.09398098088378803
0.8716216216216216	0.22864963697673168	0.08652884517614637	0.20958665690133696
0.8725725725725726	0.10320659152954681	0.06497577223781495	0.12488329139319895
0.8735235235235235	0.10882865752282475	0.12206533053272484	0.057536651751840806
0.8744744744744745	0.05	0.16017166310216807	0.1340417889562896
0.8754254254254255	0.10634896083342535	0.13123262988747042	0.05
0.8763763763763763	0.1961976144970346	0.15072080135634322	0.05
0.8773273273273273	0.13901676123801432	0.1322673379521181	0.10884975450326248
0.8782782782782783	0.09478229823706331	0.1163804829867493	0.12624875201017802
0.8792292292292292	0.24761503165184287	0.06077575178825412	0.11400723950334526
0.8801801801801802	0.07383509035997715	0.2476540976174296	0.21098030549530492
0.8811311311311312	0.10950384526417727	0.1879863387819195	0.09451700125897122
0.882082082082082	0.1827235744377484	0.1665600246905495	0.16445136506313326
0.883033033033033	0.20262890756014562	0.09357576466584067	0.0639671302301347
0.883983983983984	0.051141871937403466	0.07993232362215821	0.09961997427001755
0.8849349349349349	0.09526282404595085	0.05	0.05
0.8858858858858859	0.13045862390577195	0.14489428234916693	0.08898026518739968
0.8868368368368368	0.08660072201906681	0.15183180192424278	0.15221740315119237
0.8877877877877878	0.14847965740572328	0.12031913670483396	0.05
0.8887387387387388	0.10467527277899073	0.08445520214424106	0.05
0.8896896896896896	0.16277944797990668	0.16795661269308002	0.16440946016549102
0.8906406406406406	0.10049206911917946	0.09928039833951771	0.12408052216119196
0.8915915915915916	0.08582230243844474	0.08164697137616332	0.06464556111047978
0.8925425425425425	0.23475818614922675	0.09750467450155206	0.184603304006766
0.8934934934934935	0.09357408128291614	0.05908412170787885	0.14865481645025977
0.8944444444444445	0.05	0.15922256957700606	0.1675932987207223
0.8953953953953954	0.08866433940090845	0.11777742754639016	0.1533596396005755
0.8963463463463464	0.1118025091110332	0.08451249847251412	0.05
0.8972972972972973	0.05	0.19872906376436827	0.05
0.8982482482482482	0.05	0.1384813115405746	0.15609053482826957
0.8991991991991992	0.17820477214938008	0.08568504169978486	0.08827795644747004
0.9001501501501501	0.12595268853676103	0.1179525489736999	0.15933090900343166
0.9011011011011011	0.05	0.0659001505192119	0.061424306021238904
0.9020520520520521	0.1966337602311903	0.12236381990914996	0.05
0.903003003003003	0.16446670217452247	0.05	0.06781495012007109
0.903953953953954	0.11067677253305877	0.06573399026294403	0.10380709894134797
0.9049049049049049	0.05	0.05	0.06152198461093737
0.9058558558558558	0.1275511951838214	0.08162208090490762	0.06634289757873676
0.9068068068068068	0.05	0.11547685025361351	0.1938586150594503
0.9077577577577578	0.0636476723060577	0.0940232885704439	0.06873279443265344
0.9087087087087087	0.10764639608986963	0.06533995402750586	0.17181460905745422
0.9096596596596597	0.05	0.11766141600934416	0.08297049315191558
0.9106106106106107	0.05	0.1815363188978404	0.09769567584534693
0.9115615615615615	0.05	0.05	0.09084387123054577
0.9125125125125125	0.10699239591360198	0.06976093621867899	0.09648694360346119
0.9134634634634634	0.05	0.10392361831877733	0.0544665308625915
0.9144144144144144	0.05461616541871761	0.05	0.05
0.9153653653653654	0.1260931788107199	0.1070662430725815	0.05
0.9163163163163163	0.07628119498483454	0.0908627686242831	0.07089745078694872
0.9172672672672673	0.0801173262167774	0.10595352081439886	0.05
0.9182182182182183	0.1307482922075702	0.05713860487679108	0.05
0.9191691691691691	0.07152531668025036	0.05	0.05907498779925245
0.9201201201201201	0.11728601841739622	0.09075495760988687	0.083951841459753
0.9210710710710711	0.05	0.08605245612683361	0.07729438608768688
0.922022022022022	0.05	0.11342833089827761	0.14937601502283215
0.922972972972973	0.05	0.0995030689349398	0.10448903074293746
0.923923923923924	0.1246152175963568	0.1368503640868488	0.05
0.9248748748748749	0.05	0.05	0.1247792722434819
0.9258258258258258	0.05	0.1307361340795491	0.05
0.9267767767767767	0.08969893027866246	0.1409110640217153	0.12781216222997
0.9277277277277277	0.05	0.05	0.09075408213422412
0.9286786786786787	0.06556488731020967	0.05	0.05
0.9296296296296296	0.05	0.0707508173393586	0.11180514359320372
0.9305805805805806	0.0995663411824728	0.17269921545716718	0.09020490161149818
0.9315315315315316	0.11649588450193307	0.08066285788046515	0.08850348255158368
0.9324824824824824	0.05	0.0814197776454489	0.06535268194934223
0.9334334334334334	0.05	0.11197807717207015	0.05
0.9343843843843844	0.05	0.10060593854444391	0.051700833567996166
0.9353353353353353	0.16792921765292668	0.06023027429505905	0.07363478641386306
0.9362862862862863	0.1225255697117868	0.08896888001590242	0.06100491305576788
0.9372372372372373	0.17947868502952113	0.05	0.07800214247735991
0.9381881881881882	0.10624023914392233	0.05	0.05
0.9391391391391392	0.12498719232256537	0.07839549711944988	0.09053018850858457
0.94009009009009	0.08585609388772467	0.05	0.0755465447656497
0.941041041041041	0.05	0.08724507506044289	0.06437671640290048
0.941991991991992	0.05735464863715611	0.13678038091322853	0.058373763775356066
0.9429429429429429	0.10028957299528293	0.05	0.062430524212703425
0.9438938938938939	0.06488569423191562	0.05	0.05
0.9448448448448449	0.05	0.05	0.05916293123749539
0.9457957957957958	0.10131136838435188	0.05227132647742271	0.05
0.9467467467467467	0.05	0.07918071648499736	0.05
0.9476976976976977	0.05	0.05181648706731687	0.05
0.9486486486486486	0.10675971859619372	0.10977256493934734	0.05
0.9495995995995996	0.13297963469965157	0.05	0.05092174351950313
0.9505505505505506	0.058797121552593215	0.07443586094889358	0.05
0.9515015015015015	0.05	0.09500968175173147	0.05
0.9524524524524525	0.13602617717739093	0.05	0.05
0.9534034034034033	0.05	0.12733158411518397	0.05
0.9543543543543543	0.05	0.05	0.058712289934095774
0.9553053053053053	0.08410862998641278	0.050299779752043576	0.05
0.9562562562562562	0.07771024621364729	0.06740069393420989	0.05
0.9572072072072072	0.05	0.13077500862575525	0.18404512612217494
0.9581581581581582	0.09666498302009299	0.09491535715487501	0.0550599475198599
0.9591091091091091	0.08910074263305545	0.05	0.05
0.9600600600600601	0.050223162165217654	0.08557437459692932	0.05
0.961011011011011	0.07773206609085857	0.06932373342041645	0.05
0.9619619619619619	0.05	0.05	0.08777383119178167
0.9629129129129129	0.08636044150328118	0.05	0.09683838015232374
0.9638638638638639	0.05	0.07282297951845129	0.05
0.9648148148148148	0.05	0.05	0.05
0.9657657657657658	0.09115277286654533	0.08804920972563138	0.05
0.9667167167167167	0.05	0.20346024068112087	0.07297406006525631
0.9676676676676677	0.05	0.05	0.10411972860998436
0.9686186186186186	0.05	0.05	0.05
0.9695695695695695	0.05	0.05	0.05071171602400147
0.9705205205205205	0.05	0.05	0.05
0.9714714714714715	0.05	0.05	0.05
0.9724224224224224	0.05	0.05	0.05
0.9733733733733734	0.0703932165971789	0.05	0.05
0.9743243243243244	0.05	0.05	0.05
0.9752752752752752	0.05	0.05	0.05
0.9762262262262262	0.09041092266674093	0.05	0.05
0.9771771771771772	0.05	0.06993253742535313	0.05
0.9781281281281281	0.09725889730800982	0.05	0.05
0.9790790790790791	0.14267969962942867	0.05	0.05
0.98003003003003	0.05	0.05	0.05
0.980980980980981	0.05	0.10436438061579391	0.05
0.981931931931932	0.05	0.15229740145621345	0.05
0.9828828828828828	0.06504491742515531	0.05	0.05
0.9838338338338338	0.059566322447703046	0.05	0.05
0.9847847847847848	0.05	0.07148704872000256	0.05
0.9857357357357357	0.05	0.05	0.07104998438097268
0.9866866866866867	0.07586754215917225	0.05	0.05
0.9876376376376377	0.05	0.05	0.05
0.9885885885885886	0.0988678135839276	0.05243150855921414	0.05
0.9895395395395395	0.05	0.05	0.05
0.9904904904904905	0.05	0.05	0.05
0.9914414414414414	0.06328905035006713	0.06627781668168678	0.05
0.9923923923923924	0.05	0.05	0.05
0.9933433433433433	0.05	0.06236736763651684	0.05098932474690179
0.9942942942942943	0.05	0.05	0.05
0.9952452452452453	0.057705395859021395	0.05	0.05
0.9961961961961961	0.05	0.05	0.06873499317791425
0.9971471471471471	0.05	0.05	0.05
0.9980980980980981	0.08746917489606591	0.06487657963918819	0.05651268151885039
0.999049049049049	0.05	0.05	0.05
1.0	0.05	0.05	0.05
