0.05	0.05	0.05	0.14041863890754042
0.05	0.05	0.05	0.05
0.05	0.1230643149200015	0.08718925930038415	0.05
0.1187198425387399	0.05	0.05	0.05
0.09725323584779819	0.10034368020015516	0.11788918629147366	0.10524665636030674
0.058099196274119615	0.05657962164655741	0.11302903385328711	0.05
0.05	0.05	0.10735443172188547	0.09270812234673245
0.05	0.07619767358373064	0.05195595986467199	0.07531076848493605
0.11918580602082265	0.05	0.05	0.08523970913606521
0.07145934623700813	0.10932444131876451	0.05	0.05
0.10238757500533113	0.05	0.05	0.06593925577207678
0.05	0.05	0.05	0.06934756524623134
0.05	0.13569429969694619	0.1105081029660398	0.05
0.11348428906331921	0.06043120099939518	0.09153896227036537	0.09496127053048306
0.06823209185733294	0.15020047098174188	0.08441001920909944	0.08798309970935138
0.08716370470856297	0.05	0.05	0.05
0.05	0.05029278095644636	0.05	0.05
0.07716306971860802	0.05	0.13150646374624997	0.09208193313295228
0.11512252547744722	0.1084273280303571	0.1205601348741711	0.13770837859197957
0.05	0.06769465082569716	0.05	0.05
0.0932781526529678	0.1700525023831837	0.05	0.10409589213058124
0.0809088698176331	0.08901601756212266	0.05	0.05
0.06972693501617527	0.05	0.05	0.09341512905510549
0.05	0.08118562031565305	0.08593442840626186	0.08599214906901648
0.10701886753780743	0.1283330055946178	0.08970299587547025	0.08896245731146644
0.05	0.05	0.07081454439551615	0.11306442331725827
0.15273937664973503	0.06719977214124132	0.05	0.10510818002967665
0.11268737554316169	0.09002864784452377	0.12279964936890214	0.10160978809865291
0.05	0.10201122942839953	0.09606244388790351	0.0973906647131575
0.1399980193523257	0.06449450544599011	0.0867870971847791	0.1588825087311283
0.05	0.09851531699593566	0.05	0.05
0.10241875838402326	0.11566595608238744	0.05	0.05
0.12691104682469231	0.10090637602655252	0.05	0.05
0.09462079952740633	0.0729717622463198	0.14952482628031694	0.05
0.10036149429652341	0.1126795619551872	0.05	0.1067451790006394
0.09964506995495709	0.09604450581064318	0.05	0.14394931253860593
0.09101695980347949	0.05	0.05	0.09949533234867013
0.0543072336091452	0.0532561762048107	0.13253510900630067	0.07082970387495285
0.07645612049901339	0.05596465987739302	0.11061816949531089	0.10506187485775145
0.08855665518467634	0.08452036704713511	0.06427304691142399	0.05
0.15496201073639065	0.09698403570343263	0.15485908124402775	0.1505538160151567
0.16314759110547639	0.05	0.17071520681479901	0.12126671088198071
0.09073599049213006	0.05	0.12336187477368982	0.05
0.09459172793753315	0.12452829318772086	0.08695745312429075	0.09461451721889091
0.1156006792232773	0.14395829831529	0.08405208607209953	0.16113608490152564
0.09281840410316743	0.12236309384399703	0.05	0.08054579142955481
0.10021016586690164	0.14630916856987536	0.07032853848722373	0.12787882880815798
0.05	0.09105879062633375	0.06814248543547578	0.17221605864238695
0.08296602265858823	0.05	0.13966878568609065	0.05
0.11245941369711952	0.13358044659200988	0.08563941547719733	0.08628470187774638
0.18476837591977166	0.1260629093666517	0.1499978994839978	0.10080910616112368
0.08339604367329194	0.05	0.11252733261602779	0.06748882995349248
0.09761337595498308	0.08788433509848463	0.05	0.05
0.13609804770090184	0.05	0.09105558690153989	0.05
0.05169879650002862	0.12668953605023034	0.07153911677736872	0.14901377153514384
0.08157999722219539	0.13425778382851006	0.13044281886213407	0.1531535611707158
0.07736351762185491	0.06272232296991136	0.0947371171434088	0.10364411990162047
0.08360494440621373	0.109204598197789	0.1417420006795687	0.16147337993564204
0.10015369448094648	0.05074858003410403	0.14600974507292933	0.24117615329832692
0.1736214866772257	0.05	0.05	0.12945464348930946
0.10544392193014938	0.14784724609886166	0.16389941794501137	0.07607205635775237
0.1375860391603904	0.15003804822732394	0.05	0.13532072081041133
0.09309532920414931	0.05	0.10001482616174813	0.13701530724095276
0.06445446502118223	0.13611780387550929	0.05	0.05
0.09659214331844271	0.09544551455271469	0.2157181383130326	0.09229369601770565
0.08230724558990896	0.05	0.12157725506617337	0.0750568453381604
0.12787675280624045	0.15688424445328875	0.12478996136103562	0.05754321893893999
0.1028725458212029	0.1930354117734251	0.20125937709829012	0.10425658801924957
0.1700119952481019	0.062115520470832256	0.11680136214925387	0.06410469757529363
0.07061567267128863	0.1479696473786306	0.17253430959649138	0.06357880769287788
0.12690354404353446	0.11462693460474191	0.05	0.11549905651591169
0.13702205065868664	0.08518114539764288	0.16484370179148178	0.13045907487954397
0.24042306675020048	0.1309643449717153	0.1386493849590196	0.12575302747850373
0.09585437491404308	0.21229092656972126	0.17512071093452153	0.05085561471967638
0.13344595256022485	0.12231557990601732	0.08176807466749789	0.1724530017150579
0.09011317730811828	0.17753800181433207	0.2041132889056625	0.13273049943287873
0.08707831846096187	0.1000423550318694	0.14313170286922658	0.177792351487787
0.14171644423294633	0.16178809777575406	0.13990242867097671	0.20573200155563015
0.06677715012571694	0.08420666296713733	0.11930546919984944	0.17133729436971504
0.05	0.12721758654951737	0.16183898560271537	0.19067902429428013
0.07132570253465331	0.16746435862936507	0.11632930486413139	0.08400771512592584
0.11547808264649796	0.1810686165987791	0.10931377850136274	0.13300540236452021
0.17273658848507842	0.19394868670428753	0.14687069727716826	0.11717622971706249
0.19066164925954737	0.15429683326303967	0.2045852939051602	0.11569515713094627
0.10810877840209668	0.16801445823006048	0.12393640140220531	0.10355785618423419
0.0979724695862567	0.08611781125575864	0.07543060987200784	0.17038010172851828
0.11371312306966068	0.09972080536787709	0.1453648833054945	0.12789431055395273
0.1585889180553013	0.16621993720107997	0.1483507628931514	0.05450180776077415
0.1738602809291954	0.13909438063527338	0.09175575784318155	0.08594887362218598
0.1716934901585283	0.05754754963731046	0.14825834419175307	0.07414453383835609
0.1407534138784495	0.13785256787417224	0.1355663349211045	0.19403541044829822
0.17536127728665848	0.10267488203919697	0.18731734202186462	0.14758845795977885
0.13245831574731823	0.13218170851638295	0.21656082016283815	0.0630937284848811
0.12863089365079913	0.14281825581692162	0.15796429313408628	0.13129799135231962
0.1306399147605446	0.11856700082843225	0.15918393741144302	0.17082332837698294
0.1310705529087696	0.13054438285529746	0.1073115614703843	0.0614014193446762
0.17665943346717097	0.1852239618788835	0.11686227480793593	0.2245766677772123
0.12678376894601803	0.2337388827380657	0.05459681249777569	0.14413455671205072
0.11539160169358517	0.22785882716890177	0.11946820110547496	0.09972786313009543
0.13555702316147963	0.21459217550126772	0.15909332712959406	0.0727282784431294
0.1178215902422882	0.16694332438853593	0.12428017813196665	0.17091019693247958
0.14444561778505008	0.14731368757756777	0.14880747566051672	0.15523613565361796
0.10932534160664363	0.11238754017568331	0.1504772828365787	0.20202048019142504
0.15854834992677774	0.10616630590370939	0.17702072325727955	0.12624930244515092
0.13401355626823205	0.1319131860813601	0.11210270485878368	0.10768580749858966
0.13467063171488405	0.16533534299208708	0.2020030073929661	0.21585735779421839
0.05	0.1881787465613874	0.11441324631140053	0.14366401861227449
0.18262584479378582	0.1318208824586233	0.13590352742605624	0.10679591491898034
0.1860076008041009	0.05947201803179765	0.25016601794884846	0.19386078372792298
0.15970637510775373	0.057848663944714385	0.1379448921613458	0.17568618921060164
0.12784422108736593	0.1638961633807667	0.12905854437433745	0.11015956000792429
0.10135683409710752	0.10432636601473763	0.2031173200160633	0.12141752253919755
0.12939619364280214	0.2633337722724298	0.2046034474811878	0.10415667026641551
0.1999557843739228	0.21116766599965164	0.11766103315574643	0.29935244445113895
0.14446840073620193	0.07896301504324515	0.0774670047917138	0.14647641352384724
0.1559325077271698	0.19347101383067583	0.13862407296261503	0.08263103126957927
0.23007279832428706	0.2033829757199061	0.1900593209710182	0.11712990884568893
0.14602080019382868	0.05971755230699943	0.11469825719752513	0.16263131255636554
0.11174360073625508	0.15123915050982825	0.15552853305568376	0.09428538127986426
0.14437196105886638	0.13223467732455246	0.08194974689654458	0.19524348876274833
0.10106511269873251	0.13674847158401235	0.12736349351928197	0.23931344728089304
0.22816283117744263	0.2171255615432184	0.10553002275074974	0.112744356078381
0.06178535551420965	0.14765133431990646	0.1802611812744564	0.19456844304926454
0.2297792062609011	0.21159799508466917	0.19911912275032878	0.2680109747054878
0.19681405592481777	0.17508830418447485	0.15818312414643312	0.26785270630782065
0.2322657999270571	0.1262965516485765	0.1929901403979192	0.10508317896655907
0.13391690974025056	0.19003132034972126	0.21821509644746712	0.14079373498722547
0.17317133458287332	0.15478807195130326	0.20332622784611004	0.2328216519597347
0.1523729442488353	0.12069599257515816	0.13716895669851165	0.10091390802983498
0.09533457150746921	0.22160922256314852	0.11126849214186749	0.14646372128187124
0.07178081400012787	0.10694767365087401	0.1163816912111855	0.12436883595633515
0.1959176099333726	0.16825603753505175	0.11706048330675284	0.14407746052750825
0.15379856274823067	0.07160503978419303	0.17506506540048175	0.16573618628032333
0.13855388450019396	0.14318190251806479	0.1622308729114931	0.17518410610980858
0.17979042070297574	0.18901910952830894	0.21829472166847713	0.22884004062378321
0.1493811535566777	0.24993774585499495	0.14819561138689313	0.17821819471719197
0.23041425052463813	0.19171819592934064	0.16826587143806807	0.14797452333528666
0.0994104540099508	0.20001966857178116	0.1630425394963032	0.2794748857445609
0.18114365746594052	0.17182506294001876	0.16664344982369617	0.20795076982898575
0.25736141904185805	0.18946207818994676	0.22364652513228114	0.21418464681916333
0.13691866837914995	0.2641038221217433	0.2224399495473858	0.17701510557447994
0.24354767215312756	0.23025592867752093	0.16717836324271013	0.21412609686008086
0.17164025199640812	0.10280272180566596	0.17135801857192567	0.19879100612091563
0.18505106930954626	0.22866740989552292	0.18247607771442928	0.17045320717138393
0.1075342568676616	0.17159447187676002	0.12397845530448666	0.18477842970967243
0.14766181522171412	0.17733021740454982	0.09721301911902822	0.24974684241982048
0.23524524187573154	0.1548850882522651	0.2687059280234039	0.12590036421266476
0.23192817440595836	0.1533259410170301	0.20693757978267496	0.17918358159816594
0.1557485293506563	0.1979078246219723	0.16005336445882012	0.15456679003893722
0.1824240301026912	0.17687229220838255	0.336465105384591	0.15807053586263337
0.1884687906603145	0.172874208564996	0.23706136828584715	0.2982822909850464
0.1483406422136161	0.1673615068376077	0.16624294500957157	0.2097192223864841
0.2819634610925349	0.10645841904594608	0.10806186688626088	0.24303056299689374
0.2508094726255775	0.11465848621838265	0.17632480293404826	0.20452779890249692
0.19591395952076424	0.1935230849829965	0.18727459933104737	0.234817577080809
0.13003452869538917	0.1807068679346928	0.18846496732237625	0.22651268389472587
0.1588862495769935	0.2165384909815907	0.22654407498905405	0.19980688623724122
0.12507631965365432	0.18283529679009258	0.2173223120347457	0.21194901353478302
0.2152386473076956	0.1952063402146011	0.18976558397203702	0.21317851279470348
0.19621576372695312	0.24437959939136733	0.18699173761543697	0.24678424487567768
0.253053011224569	0.13765527088218799	0.18444282297135503	0.26412631751949384
0.17290578915430674	0.2590188800750015	0.15330236892604962	0.22712537535679583
0.16484307118949443	0.1707733053434155	0.3354687721989527	0.2609021918201254
0.17988248344755503	0.18009177707931973	0.17753260375864963	0.1595443735768715
0.22174115394801525	0.21631808395722002	0.22623451506858747	0.21548646163901358
0.22758959823828318	0.09923442923570597	0.16550645824434942	0.1138643679449795
0.2341562682911446	0.2798288887443898	0.2300144223435696	0.2612197818871368
0.28228816827478553	0.1869308596478268	0.20232037195723984	0.20344567557259566
0.2740150637207207	0.18157241001565436	0.2046379401282493	0.18947846188136486
0.23812571170645713	0.21232013325644322	0.16388586756201443	0.15867371037870992
0.23587366668093016	0.2248823945489021	0.30298164519012344	0.21149268642767802
0.2855320524472785	0.2725428853913822	0.23917344192064016	0.18704442754641049
0.24086422677154012	0.24944912636236555	0.1667687596226788	0.18417964944120319
0.18504378231912175	0.22682846923278266	0.22563048318134887	0.15842345946081765
0.1606461866427665	0.1858467373704424	0.2600223781933896	0.24093459986664056
0.0937024248856741	0.24185708298260597	0.29037488586390464	0.10203646740717402
0.21783662845221063	0.21346245480872938	0.14204601119521992	0.11622016733537284
0.27979510412085906	0.25415023839193696	0.2673614954593203	0.24439959092383398
0.24184043826938315	0.18245383799599088	0.21322867105586457	0.27629004612037017
0.185428973660854	0.2122187310120207	0.26980398822592666	0.2091167538309343
0.20100664671975801	0.2608768197341025	0.36584049376776506	0.1576032690815281
0.24291455735873937	0.21602954845835007	0.24072495302984295	0.17674362956537537
0.19406079897670808	0.23770365601405521	0.1913469087555859	0.16053586184167895
0.17884028689473602	0.1835017434286805	0.227396574220536	0.22911432978450838
0.27663354075595836	0.25282613278036836	0.23199096457766882	0.3060566415039021
0.24922908612660877	0.29401030997815264	0.29162453391823795	0.2036905784870097
0.2665899995767178	0.1639575273044156	0.24443876736699396	0.2110847622789472
0.23293790628276792	0.25961708652057597	0.21455755160335419	0.26395986693972173
0.1565923269147757	0.32420187773439	0.14812839158301616	0.15892928849889776
0.30450534403920804	0.3144677909608601	0.1520401109864011	0.2517595842648024
0.1754914709822491	0.18180941170071777	0.2572265411694273	0.2984241775840615
0.16766512334171452	0.24689280402919564	0.14897239801846082	0.2859164310109308
0.25314147472671594	0.2849078699410003	0.21883428292539372	0.28688208010992705
0.19250415585026384	0.19334803915588938	0.19436261643575892	0.17775391796726678
0.2064427800967024	0.22199410585599566	0.1697318376818835	0.20022514690459786
0.1529324474951563	0.18949744653283976	0.2120808863790795	0.24883214237087822
0.31092927012921395	0.16550341080002523	0.30393564908929427	0.19394767313073202
0.28871075922741385	0.2851372786373094	0.29852783569007957	0.21464484581517063
0.21699963316512644	0.21502499174973866	0.1677566769954208	0.22170521928984527
0.18619154969028873	0.09054411340862023	0.27878497753633363	0.251993168984694
0.18658136770995745	0.22502555263211965	0.18640295954135513	0.13442727650877667
0.0932612197686325	0.22681513165146192	0.23373052549339485	0.19261833893585217
0.21236088810392384	0.18889015732638456	0.19907077129390283	0.2900952182611136
0.3205944109146865	0.16636720145814915	0.2053732226831698	0.1899578806364188
0.34671572918423277	0.23040962828441827	0.24508491452573142	0.3808976780968424
0.23175845344830492	0.2011673233188995	0.21836835756207149	0.17343410219988747
0.2854912672663266	0.2674261016561962	0.13284188389698437	0.27246061117908005
0.20620896884189976	0.27780225169080014	0.2768069253219157	0.22366644286671242
0.31763759782116974	0.235766431646794	0.28783830779729425	0.24549228911547435
0.2308112905440199	0.3319519014338579	0.22056921336873184	0.18363688924315996
0.17812125811296803	0.23523129264564907	0.19965830721511682	0.26690153562786245
0.24284091948095854	0.1640752067985659	0.31649432220053964	0.17701895645088525
0.15965374202862548	0.34490464022049977	0.29698033749638114	0.2695802813936751
0.32951359032042277	0.27281005728641883	0.26092772261154706	0.2699025096759743
0.3251984204820337	0.20304966228195184	0.2129477398388705	0.24136852386620727
0.25424605757421403	0.18124586077473087	0.2748512552360615	0.2932623716983282
0.3138123974636485	0.23712099855100854	0.2972609526404985	0.24452905674672373
0.2452282586313	0.3033400484214569	0.16693182002418638	0.3024191789066563
0.24264271101572712	0.2033512927472457	0.14901777264213784	0.19074379348524284
0.3259423423789153	0.2745765079228735	0.26716988270386915	0.25970045526831576
0.31102872618626987	0.30501978504350463	0.28454600849062117	0.24756067926471445
0.29654895390159414	0.2675305843245194	0.32720312089819914	0.2807547471368886
0.2705804667396053	0.1944054246044823	0.28957462894901015	0.23817206134213925
0.26772105646323374	0.2446419835021123	0.25532811184216153	0.2413110909249393
0.28332873732415503	0.3104243347808635	0.20826244344720202	0.22879492696562523
0.22040564803458512	0.27544733204446215	0.3203724724392939	0.3246280943875388
0.2897237934981585	0.27340481587469345	0.3842195917597768	0.348727947554735
0.18709769344561689	0.2619495648925456	0.18812495462466236	0.2559774429134454
0.2329669527758354	0.1655678802385394	0.33793455885337315	0.40034503342693606
0.2651125055728406	0.28334426912970956	0.22936493424576465	0.27599538142825275
0.2567958938950042	0.3024202139783483	0.28504285508075033	0.26284172155231056
0.17453303671407183	0.2077946815294815	0.3434397342279832	0.22226775873435164
0.2479194760206127	0.3182706659468487	0.20512850837637672	0.33148846206309324
0.3030900613926997	0.3113758798053916	0.29924856794155597	0.28282247591317233
0.32818414445720007	0.2425322794504013	0.2554204698980306	0.24004599908563454
0.2584583345494153	0.27407705945126526	0.2777745211176846	0.28251717811445615
0.2825999332299296	0.2615916701797863	0.2505864942250926	0.3219936125173144
0.3440356197958954	0.23992583454788594	0.22128072721520323	0.3607608092544141
0.29574475815593904	0.27273611651363744	0.28076389450050554	0.18455946254868158
0.34091703991363825	0.1614570047565963	0.3067148061903229	0.29528523385655003
0.2527597129018895	0.24196685284036734	0.27054319710628333	0.15609194539312926
0.28061354456298127	0.25441602292770865	0.3027165751254651	0.31036974107808935
0.17122152055098258	0.28526305599851615	0.30762313410301334	0.2403166661432402
0.2883173322181899	0.23528456897910993	0.3616255679257666	0.31267290155322286
0.31471265013395194	0.2696029113935564	0.27689354655441173	0.2904801035687722
0.23778551080866248	0.31917493995148816	0.2769547134971399	0.3377226064296053
0.1699172281185508	0.27233833148948156	0.2702577478740419	0.29244214233454174
0.20501978602796164	0.249255317662026	0.32329851684612537	0.3199478787669542
0.21425369512657955	0.28112429583519705	0.28624655793137205	0.3053748824047741
0.21734323386025295	0.29218474926990184	0.22082294614880196	0.31346063973700966
0.3416899355835848	0.2469606189786897	0.20633136723387524	0.32667102660056624
0.28705131501434605	0.29222718829093675	0.3135388009758021	0.21160189479310068
0.2518231814408145	0.25517499198025395	0.32231560004001597	0.241663426163341
0.270823379378701	0.3278142260239043	0.3026198691560583	0.33380854125020665
0.3056507816260466	0.31644569873958317	0.2879748649524362	0.26981043717841857
0.24724011283589217	0.3244598430485121	0.24909545514082723	0.3493188146167674
0.26023547177216483	0.3169050646933696	0.22076975800571805	0.3027725724726995
0.2749611839337195	0.310462989794362	0.26721098774351865	0.2503513227788413
0.30311118834870626	0.29895237277930614	0.2267559668955602	0.27141459345507296
0.2869914991036217	0.33164905615674445	0.28168450254114824	0.3061976501591692
0.24225580677746836	0.32245079332251847	0.26158874564142587	0.3297816384830845
0.30991371996501754	0.24601856585274517	0.3816997541348407	0.28506678672439595
0.2614123933031405	0.35876939607621855	0.3808781712387514	0.32065316419733214
0.31204238390568745	0.320623103074998	0.2939679076587686	0.33388973635279917
0.2288594852880262	0.26260222157789037	0.21925700224392497	0.25428696095223313
0.3681144511160327	0.3629071193153641	0.3726283465442868	0.25159383292122306
0.3435894852617854	0.25943169598477134	0.24655107128382275	0.20082189117956123
0.2996123948489226	0.2028720584325246	0.3735179145437095	0.29311191349832805
0.2892423814323389	0.33766126032096855	0.3071961084462122	0.34158833522299104
0.33759831673658186	0.2641986250692123	0.3492192016734517	0.23676687430362547
0.321407829317014	0.2285444839672856	0.2973843825547892	0.24238994052159468
0.3238836918331522	0.28489806212678015	0.31341576418248557	0.335757717938715
0.2425139893327254	0.26575524268250394	0.31796785256238996	0.2506249622966177
0.39235222927978697	0.3660921254574553	0.3529864107356594	0.24760822537710647
0.2822293315285795	0.29529762634940404	0.352333531762354	0.28292435718218617
0.24256255450203346	0.30469617121872805	0.37506810528496376	0.31998169087291584
0.2807479002619096	0.3347063800260127	0.3330300118140192	0.3331373591462611
0.2570888039098274	0.25814967238631686	0.2294069161761137	0.29101970430959784
0.31043890692166526	0.33170106805064126	0.32194778649688316	0.2732509120753619
0.21613035027183863	0.3275258349833172	0.22874566456537587	0.2954909938837001
0.3409339848041423	0.3343925720577694	0.3004228729518806	0.286898912042994
0.3309236328726652	0.2759240842684159	0.32627383790494063	0.286455461963568
0.3074236495390843	0.28972167326044124	0.3371113980430395	0.30534740818249706
0.2654538791822639	0.286346681924552	0.3683073382873592	0.29258905274202274
0.2412103684013921	0.27303226668895036	0.3413446243341936	0.290133713716433
0.2405288236928268	0.3676808183694488	0.30633477800611447	0.34676966769330314
0.3299992290551747	0.32655408694497867	0.3588048336193691	0.37192825508499683
0.3108655087745758	0.24187423917075246	0.3088691643462741	0.3743737185183467
0.2859028879056204	0.33287070490069526	0.2600941810846602	0.2612633221044131
0.338109951900221	0.37456450819488385	0.34026098008343475	0.3085616703859995
0.31013269968159013	0.3354570131624813	0.3127849599440306	0.31559676992573593
0.3529448431633665	0.3171890510649856	0.2417774694002637	0.3252597463335357
0.3871092705912686	0.2501081675166608	0.3360240530406613	0.3122217555002586
0.3484711049260854	0.3086789255671169	0.24564549776486613	0.366390319742945
0.34291545403517015	0.3083657446070618	0.2906225833399257	0.2654701146892451
0.32528324825690835	0.28819251168041865	0.2642204481678602	0.33620941758575484
0.3325139314478995	0.3138653301297951	0.35521734132826305	0.27532604187338194
0.3306146793869833	0.23917680390937032	0.33463961626459776	0.3643046088008602
0.3069065109823024	0.20644483833975755	0.3275209362953824	0.3421862346223111
0.3069563783385741	0.3320326587909031	0.35226627500143937	0.4419337646184418
0.22717898719814206	0.2933899774472136	0.3333360876423608	0.31921483763981573
0.3726700441845828	0.3767334423192271	0.33913044754289906	0.34081070844682493
0.2922431201202111	0.38170007018753266	0.3060373745929887	0.2710647433653604
0.26985282682208483	0.28448787740458237	0.3000310834762913	0.3024643650299426
0.31592745311114645	0.34320330536750265	0.2824942703021952	0.31072573595970915
0.2763435404546465	0.33645496607922076	0.38916187857255036	0.3640053594073515
0.35459571217767794	0.25156186800724173	0.33569509677036896	0.3626401222636892
0.37165749957164684	0.3828396140742842	0.2971654995307181	0.34018174001314105
0.362756913186882	0.29578182649359785	0.3481544589610541	0.3595758617400551
0.2903937446651479	0.4577306080041791	0.2921834813386425	0.2867673395392555
0.23954596993796634	0.33357836007753067	0.33001894134178855	0.27933493994526354
0.405989366166433	0.33563020959126494	0.3313495804319811	0.3803533796575461
0.2974332110036341	0.3252570554830263	0.40515150555614887	0.3104031305548055
0.3494841362775993	0.3631797302783925	0.42494883508317527	0.3258140586067896
0.3329997406070065	0.28625446472832167	0.3290035137139924	0.3916971242404458
0.32647845326728275	0.3311647716939256	0.26735370397035213	0.24220626221826974
0.32455213929141546	0.37577215404970116	0.30003933050683423	0.33943275663871725
0.3581781001563382	0.42000812064899296	0.2947789633343469	0.33120791400025973
0.42076195443712633	0.39437520065172715	0.34179482174245723	0.3759791578154558
0.34274653048982573	0.42309685631728744	0.34850455378648304	0.37075027116539916
0.3688413318957939	0.3071293353969802	0.25842427108412563	0.37950058730587355
0.3055831224335173	0.36447517258202283	0.40715312975604556	0.35797084621675196
0.4349025300691768	0.37543955479463853	0.33021638903896816	0.3893894072889734
0.4165586215749655	0.3711324280618442	0.394653194091773	0.4063070594905066
0.4596572703185969	0.4056579302085792	0.3227108125868366	0.4254308098380626
0.41173884150409157	0.39051660728979737	0.35758492156547095	0.33754380381549
0.37080656751013596	0.3505766808568005	0.33707035405198077	0.4081653326326244
0.35289466610919706	0.31823966784933116	0.34325203282440286	0.4493996599743109
0.3489301209865606	0.39530431901235213	0.3938247814615001	0.34307831664009913
0.48704274282381743	0.37367994013597616	0.46648429935154573	0.3815180313853463
0.34155274819591136	0.4336395347809862	0.3682060662380513	0.47409708824363994
0.34080835582874947	0.36155369828761313	0.39063439865271515	0.42363605130605164
0.3469091447617215	0.39773908037262734	0.4462786902416993	0.3453916681792439
0.4155012605508498	0.2771222148204452	0.33979610254471965	0.26748813801778637
0.3898303084913963	0.3982202011134228	0.44233019029756915	0.3972105789208255
0.4736602724606225	0.3072175707296671	0.4133317919063532	0.33925576374638833
0.34989358829696815	0.40104617379635343	0.2777597469015063	0.37688670997247453
0.4381696172663545	0.39155383587975323	0.34074843866313903	0.39794430553009336
0.3386422502508435	0.37203686706519057	0.32974271831285906	0.36463119986079856
0.3881316419965702	0.3917964302616812	0.3442969248587864	0.39149203811011596
0.462499828656121	0.3461770420535391	0.3486137453657304	0.37191339772565474
0.4079855906460885	0.3244180279262234	0.3872297174433669	0.40714994991435505
0.4212001942830191	0.3553319690722297	0.3424395715521884	0.34579607494105846
0.4093991517096308	0.3527496376650891	0.3336261636005198	0.4170685497938642
0.4436472558435414	0.31958955132137257	0.3352639402250722	0.3339081273936634
0.32761077270679034	0.3591701329903148	0.3412526268487456	0.4301736187084002
0.38893881948113784	0.4082626546409309	0.31832237120783613	0.38535800417248933
0.34971959499410965	0.34110128843003573	0.3380107674408533	0.3466888189085981
0.3861191234538229	0.34836213508803665	0.33939424055081274	0.41055918898754795
0.3207172639304645	0.3041509547752015	0.37262881612113435	0.3769041467413405
0.3603896430023639	0.39924076729216335	0.4221618155303129	0.45843258216408894
0.42600078961635957	0.364693116217331	0.47270880153180916	0.3599243070113398
0.4222511238100677	0.42541833119560785	0.3569734379656279	0.4301275657591197
0.4312405498144811	0.3725661896562231	0.36640902647613804	0.43657012789517147
0.39261460687589206	0.40916657812446144	0.4154606926505645	0.3557828507763955
0.4541086892991828	0.36889522325410246	0.4195454817515607	0.4074344501463846
0.4176724382336732	0.40145366260347176	0.46349861813383186	0.3755740027953304
0.37358305171471684	0.3111117903783984	0.4547378568897249	0.4003670096111853
0.4493582182387455	0.3951174333723331	0.3637398479558946	0.37827936433168424
0.3903113973209278	0.4018587405313436	0.360915827005414	0.4219802690283254
0.33085480337735973	0.4475838816218667	0.391576924790046	0.3964447877938593
0.36075458412256695	0.4551642984673206	0.34961338940023384	0.35600561973183714
0.4511558810019861	0.41024019371016385	0.43965577137777273	0.3284315863201864
0.46680129526910275	0.4079842768001686	0.3710577624846928	0.3826654630220144
0.4610889616431473	0.35596509971885076	0.388278148155247	0.4216490143766208
0.40921886038361266	0.4209756158070962	0.41840767375178467	0.4980769798682209
0.36642957248949665	0.4320626189776568	0.3425232230679319	0.4500335430705218
0.3815047316623947	0.4577972089355178	0.4189523886526399	0.34622529506213506
0.44149341703013084	0.39502836952886794	0.3036837793809092	0.30909452226366096
0.35968223128625926	0.39332152663061665	0.39661296484041486	0.39357816449044
0.3894870668085718	0.4403527274517795	0.3695399033020867	0.4174089540004161
0.3965517689547465	0.45045727272305996	0.35886954298208806	0.39233934345664734
0.4361514083616709	0.38025297494809845	0.413240869452506	0.36750132896879434
0.49450216358617555	0.38496107394458917	0.3646541659468928	0.4284146199640149
0.3337064880843402	0.4397816636435733	0.4971387506156506	0.378839664566642
0.3955041240848702	0.19131917589055547	0.4425607034346122	0.3576365178364172
0.3841387465756249	0.4237956708370683	0.3451575310172402	0.44582121764870924
0.3959901898594582	0.38471841660106465	0.4125388211134221	0.4720273992994516
0.44206484991745454	0.5223746657771493	0.3034170871494298	0.342001461730595
0.38343440683453656	0.32519137414331	0.314058848405231	0.391297797781544
0.3097451317855087	0.44776487279822996	0.4716392012924988	0.42078989967553604
0.48934103703862625	0.4623599692154062	0.5290138524347643	0.45365046104516865
0.4599646803579688	0.3781104281737817	0.316411563282515	0.39763527271990534
0.3879962739665712	0.45950166495759437	0.425142950922257	0.4872909700586201
0.34588413022474007	0.408187461690517	0.43174902573945	0.3996667614142877
0.3511663029707104	0.4140473143460766	0.4139481319808479	0.4682261487671012
0.34477487759331515	0.4584689359480553	0.5083330311485532	0.41849125281431165
0.356888772343368	0.35374533403567304	0.47991636890109446	0.41980274965440334
0.41484400737381144	0.39652994437105776	0.3663031129552652	0.468726877823903
0.4058272484597938	0.45679724020322265	0.3668552480771461	0.44918321152200724
0.43472173824451216	0.38951802454646667	0.4667349601098771	0.37694702817269876
0.33092232895631674	0.4134449367178943	0.436941616066588	0.41251579552618695
0.3774510074633008	0.4375594714411634	0.47914159245133064	0.4982029550054067
0.4235847215296738	0.4373026603989365	0.49259475544981796	0.4112189305577831
0.41828210914610353	0.4589706206521719	0.3869757414735713	0.4169719646841578
0.4481189846146638	0.42574799690610377	0.4486342425610427	0.5151649799875122
0.48343682440386476	0.4279535914345852	0.43403867027306714	0.37685308021075153
0.4256806637895461	0.3717993312516333	0.5017521810686632	0.4930048974139995
0.5045246809884006	0.395747050324149	0.4684218681326727	0.38597105144864263
0.42122239563901004	0.43205063709067276	0.4241500543036544	0.3905808995985863
0.4309365665240279	0.3852840107936363	0.4311384934183038	0.4493185066768008
0.4934228046075082	0.29048072482537624	0.3876101836717948	0.442754193632387
0.46240321953012425	0.4086487914196947	0.38474669469332695	0.5379738544445741
0.477451044421984	0.3385283145797823	0.4529244406215501	0.38357168191826857
0.35791715374827093	0.47402197104508026	0.4140937154700844	0.4330231065080406
0.4118018509862864	0.5557345150930968	0.4231288254736735	0.4465749648044426
0.41634003313418794	0.4460304965771076	0.35887077923222455	0.41104068762513424
0.3315119575222344	0.33840459201190015	0.46398832459642536	0.3917020084663949
0.3717604060598121	0.42306832332071964	0.41684439825579594	0.41304892423614076
0.5291977139489944	0.47106952257267143	0.4615749176925451	0.4345607855696545
0.3996481958063215	0.4248207417117922	0.44600231231484755	0.4664281260818348
0.47343097085333935	0.37993804093368616	0.41071225375710724	0.4001519398043326
0.41105834803039565	0.42741841493984856	0.3900876080739031	0.39676893168083793
0.4074866059891043	0.4455911971032915	0.5480218824932012	0.4539875821707042
0.5948639110125618	0.5091054966158921	0.4657768602914738	0.42233314079535333
0.4207680563534457	0.46009490654112156	0.38989912812211897	0.4829620707802455
0.4565952457430999	0.473768020070244	0.4067310647872411	0.48425215096655194
0.4359407923870201	0.5145512550626073	0.4925767476605085	0.38863845865150104
0.39357590045461754	0.4818866717891681	0.4406683281150718	0.40157616680860336
0.4260149291083023	0.48229526125890515	0.4772567920574724	0.42986422987170203
0.368459180659884	0.47034022832029015	0.39744237442393543	0.46655843983453915
0.4209313363010541	0.42472069286822034	0.5014354462757336	0.4288604423851965
0.40059952611225047	0.4906686881914847	0.5496232013737322	0.4739789639066704
0.4172317377902161	0.5301385533145745	0.40532558172171296	0.448778086632551
0.5302241460773139	0.3622737278744445	0.4369963201379999	0.3959446790060049
0.4228379839803279	0.43998411753814676	0.47823647038104256	0.37720651981771197
0.43763969085424137	0.41682253856374973	0.483396435214386	0.5370018065124449
0.4718904952757096	0.45107005726665894	0.5267708255891002	0.4345470950857885
0.5361642081544478	0.35228044737618924	0.4459617615229162	0.4141398238123125
0.4321162447791085	0.4853995567879589	0.49781944975904485	0.46390232591888064
0.43948693429410546	0.3828776509796233	0.48884383658302827	0.48201774661180874
0.42257331752873956	0.4340968739542346	0.3741560100639851	0.46388839908050766
0.4807209370967972	0.4536782121344872	0.45821232989352895	0.3863763567522924
0.399815628712758	0.5130985127437905	0.5000161062000253	0.42008185502213946
0.4507295462660724	0.539938284602685	0.455824181179413	0.45306609074950366
0.45612389145020854	0.3367369206767279	0.48901956503933947	0.4538758635748316
0.48075887178829696	0.4176519740232526	0.515889825323473	0.47596621008454065
0.498117547615855	0.43444578618471635	0.5501731387156009	0.39821078651227626
0.512327153067972	0.4473648508171614	0.506202632862419	0.3755423975532619
0.46863778456560484	0.4611306444803953	0.38518695384218865	0.41668415053003677
0.3960638747911454	0.4847242059228907	0.37172182596725134	0.4876200483404586
0.5187598467561685	0.4820945866389987	0.40112905292884693	0.533127628505049
0.5228342551828652	0.5148816317386646	0.45511211496916354	0.4078779278620128
0.49859735991236714	0.4582787634531891	0.45344415442756175	0.43483318158688156
0.46229382501209376	0.4762861406349786	0.5403049915809297	0.5372810604443286
0.451826426274674	0.44953376624909575	0.47344950318922796	0.35854451300037415
0.4232346325250522	0.5283019604303673	0.5035224793352637	0.48634966809915287
0.443774821847074	0.4781671024318037	0.4136032090488003	0.48995263076176404
0.39927933246793856	0.4898577547586021	0.4585812959502554	0.5079244279132598
0.5383914754908286	0.5911891643552629	0.5300119210490188	0.4931506094134323
0.5055931696770205	0.5256547238331697	0.4635708327474315	0.49984192188917603
0.4671504337869789	0.4379988508892024	0.4725728553017012	0.5470257271190504
0.4768907598865081	0.42903629444499763	0.4189616865138608	0.4192656647359091
0.5501595763691123	0.40811409019275047	0.48612141504860606	0.4971281323813819
0.4990056038281994	0.5021907002445525	0.464206523930307	0.4781687793457199
0.43652136817804993	0.42607457928215076	0.5340723676881365	0.40026339471890693
0.5085965561862249	0.48361018753428436	0.4680355871502421	0.5929075992378381
0.5106258036023305	0.41954328552285347	0.4595651122612049	0.4524839989189905
0.5519244024435707	0.38349877038757263	0.4549895367419244	0.5073287998714773
0.4439795890360643	0.5097698197916246	0.5053503258575756	0.45487210497366104
0.4079161994658049	0.41350064776858486	0.4992162666917687	0.4744326347306068
0.47504879751976	0.4644767818810783	0.4851318164653341	0.3919300954372181
0.4960430920081505	0.48448963273644857	0.5384776154609386	0.4496623197337284
0.4613786346924833	0.5383542067487066	0.4538029423268134	0.5039710065557353
0.4452680410453749	0.5317354706678001	0.5546712543856547	0.5288767271138226
0.3917600862695498	0.48427371891961307	0.4990625965576164	0.4261975956148403
0.5466022776648995	0.5580816335693854	0.4507853851252701	0.5473818779886304
0.4281960995464297	0.525514344486094	0.5410988375881752	0.49746231539258073
0.3789789157571626	0.5108713529618428	0.4709672943357336	0.48778697803081655
0.46895433605793757	0.4505163170648417	0.5466245747031201	0.49378695438172704
0.5124834113952624	0.5670569734653748	0.5920238193003576	0.4936094467266647
0.49920713527260224	0.5073039772671437	0.4487619113448854	0.6405580685499159
0.4772336028008259	0.4128329033169965	0.5221606592163259	0.5391302046165479
0.5507004673937723	0.45675982873395005	0.4614072766732775	0.5433882133799328
0.5163179031572062	0.6079360754295162	0.5185491504371261	0.5294577930324729
0.48018797474179536	0.5939992636138209	0.5263142613805781	0.571729142789462
0.4806845310164721	0.4936731908828953	0.4733068993441139	0.5386503204253336
0.5047463888475294	0.4813402918571117	0.4537270499963137	0.5270189084232602
0.4715627238921821	0.48551184818620313	0.5032041765406736	0.5022850251352071
0.47053566474906927	0.4605488740567304	0.5689671779106465	0.43723146838820515
0.4892291066393948	0.4986917833778793	0.5439596706550442	0.45496527968051564
0.555983426266169	0.47445683048774745	0.5360243211721117	0.3948813118290453
0.6003248750249164	0.4982871200768012	0.49506003004769955	0.5636490438988614
0.514226720615111	0.5165166546846182	0.4545103054775411	0.5275982540247433
0.4319653572224535	0.5448406931937728	0.5891749902985257	0.5020694880311689
0.5063652828402248	0.7111589919011058	0.5235631534665309	0.5000009779698377
0.4410864854842589	0.5335010086205103	0.5124175816902573	0.43503380471498754
0.6070666839561809	0.5012856156967905	0.5121582140829816	0.5680529711191799
0.4808576566695068	0.6113953131803838	0.5340774568617465	0.5004566017624089
0.5903428241409481	0.5400667790327367	0.5342095469300507	0.46972725546327715
0.5107407204956336	0.545054367111474	0.5114128347025174	0.4792521123471838
0.4053160539082366	0.5100947482158217	0.502482892805766	0.5605881380373285
0.5177215322213597	0.509766917446056	0.4917944428304307	0.5549743861410376
0.5097050018496964	0.5134329709252746	0.5116966738427025	0.5980121926310931
0.48290424056085657	0.5332507426741017	0.4530423202963619	0.4788305599790159
0.5585709564084308	0.5912013651648024	0.4778398521154686	0.4785303744927534
0.522746618276007	0.5228908036372021	0.5302623184900566	0.4867475146621622
0.5631666814192504	0.5633391454641462	0.5483990913396076	0.5046069464051546
0.47628241935032406	0.48205897624462324	0.4685113221757159	0.5078809647873125
0.5503350711562949	0.6209701781987199	0.5598668522928718	0.48665411562311023
0.5396490394471906	0.5451041897777198	0.5610244151163708	0.508167718892942
0.5150343181417217	0.5668759705531098	0.5049299489171386	0.5041110764505656
0.5483840987208528	0.4684667971612965	0.5746610761241029	0.5660514839842989
0.5845241757264312	0.54181606705535	0.49497308414560337	0.47596709649237173
0.5020899751330566	0.5437641435700995	0.5250843192455251	0.5158110074566365
0.5210943998157351	0.5569848898822265	0.5679167247447221	0.5689380112011112
0.49921853662676713	0.5049835516661889	0.6078381500845116	0.5487011451995361
0.5294340209945418	0.4597611500092373	0.4932428206302255	0.5522187324050744
0.5341466997441717	0.5236756446688717	0.5112910492093883	0.5219160514057134
0.5469917566442588	0.6562144259338193	0.5414665069190822	0.5226393631457715
0.4929772856507126	0.6162994863695619	0.480252338921913	0.5305862954837246
0.5370101741321851	0.5978058572741707	0.6215304769705139	0.4795684858551623
0.6188625818120876	0.5938528387107166	0.6058375873072466	0.4833117662831222
0.4659920089055639	0.5521528076397751	0.4337739252697187	0.49302075604517404
0.5525180563308174	0.5372292412174626	0.5957499112088182	0.44402179257922636
0.6074529374476263	0.5378753802293007	0.510551943125337	0.5383641040990574
0.5956304281622223	0.5741499334016678	0.5751402610180685	0.5677565437698168
0.4756529679016035	0.49830872876612675	0.5453814795044161	0.5489429755485948
0.5045437330951406	0.5829487806828487	0.5487931187854744	0.5997326693688222
0.5748060110157089	0.5158033854959467	0.5654485111842238	0.4933705513346188
0.5636432099142122	0.5312469671701333	0.6036470646765787	0.5728443782709796
0.5294894645251537	0.5659022477396742	0.5546533903787025	0.6524989480081209
0.5360997183271105	0.5908817302057648	0.6306432103610462	0.519309525740238
0.4124546554387344	0.5119802445992782	0.5297323870557966	0.555802463563701
0.5455527900252642	0.5084253364552938	0.5274237029674397	0.556255792299318
0.5129557128713804	0.5796519598359288	0.4670714892251855	0.6267415494705593
0.5822482571765248	0.5782754545708393	0.5585779613393055	0.4958414282422273
0.515861100189773	0.5785626105655128	0.5165736806290231	0.5943805664131443
0.5243028003043294	0.553372407648062	0.5965934232449722	0.5392583731061849
0.6366701166070076	0.49401591067539713	0.5595914503641403	0.6327680638731031
0.584656809116031	0.575276161619221	0.5600339929761514	0.5381204052368284
0.613664331931952	0.5969570025200486	0.5365413577889571	0.5787596483429229
0.5982500178839989	0.5837032575650453	0.5835002292219734	0.5129569533585289
0.5687887084271297	0.5639106549722541	0.5161103738034941	0.6393212487001212
0.49108016316902253	0.5950561371844604	0.47455779521727454	0.6006012805779987
0.5313024142026712	0.609318970850628	0.6096153654601231	0.4894615238458422
0.40647627272342834	0.6186766700567041	0.5632255545364288	0.5995053073323394
0.6002980267332296	0.5800546270868826	0.6060507171146571	0.5871112718658416
0.5537021011996037	0.5753825924890845	0.5226032382326964	0.5237126816152202
0.5802201119770766	0.6188124027947325	0.5747972828352214	0.5662820969801843
0.561481772898241	0.4371356938499197	0.5084817379911357	0.6114627263611302
0.534500207364244	0.6298108238849266	0.5358777266266649	0.6137210284183047
0.5325426604268265	0.6015650827448034	0.5662114919291747	0.6018121276421308
0.4981923566733564	0.5368601043846095	0.5348472740566508	0.4965398248787356
0.597620920627171	0.6002091332812308	0.664382707131574	0.5861621304060232
0.5935310083338181	0.5788107519701561	0.6348956183367959	0.5030362871165573
0.439018899608124	0.5997125195288033	0.4673322825455024	0.5442448205703238
0.5820527991125515	0.6003025547708662	0.5090831360165333	0.5983663603369019
0.5491814020364194	0.6055972867217645	0.584973426802313	0.5181083055344057
0.5882448228989554	0.6106886683074366	0.5479471950347578	0.43302364418730316
0.5372167217705723	0.49731489556113495	0.5653718308333491	0.5736976045192272
0.5343377530048085	0.4918805806569166	0.5471429496997354	0.6341778970029902
0.5609897989013017	0.5296071023431611	0.5071129449734976	0.5965542434294727
0.6370316252781529	0.5880577396083869	0.619700969574993	0.5671145880668742
0.507533634777955	0.6853761547546616	0.6286117725497884	0.5737940085925727
0.5995481353693057	0.6055776412521043	0.6427105249913099	0.519440226075654
0.6276603500084494	0.5823822069808423	0.6334984502247893	0.5727803749622411
0.5423776179486133	0.5658708441140394	0.5211084896722331	0.555598126723489
0.6213034558059445	0.7092773275316411	0.6736365907514752	0.5145960330195216
0.5867336679346785	0.6149382024975729	0.5594090973040552	0.6093620544092236
0.5481415749382464	0.6294046846529174	0.6581986946836829	0.5810315896815769
0.6009632266539034	0.5989264881343215	0.4778490210876415	0.5558899749549697
0.47634423791685215	0.5711416005690104	0.49445098710437946	0.6726087319902345
0.6730776503601555	0.6576108488232658	0.5455295347480609	0.5934052752337641
0.6174415516927065	0.5126280289679281	0.5277328432569821	0.5744785606870184
0.5721445669102497	0.5706892254480429	0.45492466017317323	0.5534467949941703
0.598041500892877	0.5824256065168085	0.583693827958078	0.6619099173265122
0.5951358245103068	0.6018161171119731	0.5486342147518718	0.5583861860921225
0.6166077620303406	0.5710446238528399	0.6197891285291917	0.6741353519891153
0.5979870028594437	0.6329502926298586	0.5179949813038248	0.6056675857512601
0.6156761187856477	0.593059699176101	0.6062347064686131	0.6210238933465801
0.6929517627083048	0.6378504984976777	0.6788599696880911	0.6085147460147966
0.6568801913169475	0.5674497087694983	0.6268126715708977	0.509122492024835
0.5915549706377412	0.5776824707048596	0.6399418263298755	0.6998331017881991
0.6322002924194267	0.6618104242014853	0.5625956383985633	0.4885377802505378
0.6551721304973261	0.5946523066932767	0.5437538034202507	0.5568555318034372
0.6798665354220171	0.6136877182523267	0.6279838336015606	0.609435301048545
0.5179418655361226	0.6648046603724086	0.5868810189271274	0.6361585062053577
0.5788311277041632	0.6257781228827861	0.605505544212053	0.6323830044402928
0.5520955700304304	0.6026463759682504	0.6143954189890103	0.6481781015419158
0.5955476955451381	0.5336099572663335	0.5730555667882569	0.6074429801440764
0.5928108106955275	0.6006139670441342	0.565022752267933	0.5885478772692955
0.5967535985622566	0.5618174751920755	0.5210553613501854	0.6182236025284352
0.5473172833347264	0.5427855385052738	0.4971644837130136	0.585293786480686
0.5657390847780353	0.6272322603202809	0.5905027897885874	0.5514051399647906
0.4907203692227864	0.6097168483154369	0.6450573420438201	0.6100174508444074
0.6107313268011031	0.6217225837296384	0.6517123661499675	0.5674907398314316
0.6484382582779554	0.6367944922600571	0.5842459196056866	0.651895632535482
0.6066476317199623	0.6617056456949115	0.6219353659405336	0.7138881988155231
0.5880957388521804	0.6506870288647971	0.5809817745357414	0.6185319621890988
0.6396229719295509	0.6563254776886895	0.5754587527244565	0.6132975167177508
0.6761718389034439	0.6585413817643853	0.6406016959358984	0.6389552306908844
0.5925490233052049	0.6709236435773344	0.6547383350193321	0.7401374133328777
0.6428180479580039	0.5898788298042054	0.6674276826967984	0.5478325639755807
0.5682495281620912	0.6879057066840274	0.5518671234039715	0.6148040695441364
0.6486126517948282	0.5819930200488107	0.6213558748403375	0.6198119188737484
0.5366802988158497	0.6299126775001506	0.5684058287831274	0.5964294380205883
0.6427661338092987	0.6403077678208818	0.6398927084328028	0.5822495272693629
0.641581049155539	0.5964710142637787	0.5508626778002143	0.6681272635953616
0.5833582596205413	0.6410444042368374	0.6015131904768481	0.5917474757882083
0.6185381905534035	0.5761058444820519	0.5930993743399816	0.6786611668427271
0.638105190086535	0.5208431337043726	0.5595275709720514	0.7082835405376892
0.6024609193595979	0.5957556667436864	0.6773566014317274	0.6228180103778513
0.5611344209269625	0.6159971593837251	0.6177226089712187	0.6215674510503719
0.6359243092102892	0.6828448118082	0.6015130406145793	0.6785250285996326
0.6216590902802887	0.5532485420147044	0.6538842883892859	0.5653172970845843
0.6634317007265182	0.6372496314307559	0.5804792970562608	0.6724472620983253
0.6969673558233338	0.6632850726503469	0.5785288188128825	0.5833289593787065
0.6594552250283928	0.6239313358233272	0.6161145825194578	0.5694345826501854
0.6315924946383586	0.6029263468992515	0.6394054974734527	0.5853989715613981
0.5986922211687432	0.676212570095228	0.5980670313955037	0.5620695507579626
0.6287690416752338	0.5655721541749025	0.6441949174722011	0.6098083743417367
0.5584969288570869	0.6125721640615471	0.6804660102026738	0.6489597130032323
0.6856453831141051	0.6066246256456603	0.6530344689584805	0.6926621339791084
0.6881223568612258	0.536306662302644	0.657915188472224	0.6463377645013448
0.6408725227138972	0.6211435078970498	0.6872696516304523	0.5298175195430175
0.7026405836187704	0.632709593078536	0.6431545652309936	0.7039425713160804
0.5827359256743551	0.6425285074156848	0.5674423728539026	0.609863752774335
0.5983476585723133	0.6460374667328393	0.6363305537675257	0.6561749332964165
0.665317366881467	0.6414951514958139	0.7186797004203826	0.6273009904052137
0.5596856785670027	0.6473343659423529	0.702022569299118	0.6516091753380424
0.6916201416100796	0.6989924211892425	0.6372525049837462	0.6153490926393446
0.6787718492795592	0.6383773754219376	0.6300254021720075	0.7122847909636172
0.6458272920263035	0.6973390870201027	0.6310232793784449	0.6885364472287637
0.6835072415331187	0.6756201748179766	0.6179538681635749	0.621750690040847
0.5409975131563852	0.610682849872551	0.6441471450473885	0.6232181382128985
0.6354485002383117	0.6363090243453905	0.668707397497488	0.6274762752996206
0.6154018481695517	0.6285707964410119	0.6340329844116989	0.7180438820152937
0.630252878890115	0.6833564959662335	0.6718078263474708	0.6147382981705461
0.7010494242366369	0.6274950654478891	0.5791168992685314	0.7461801932962806
0.7684179095905949	0.6032697967370084	0.6351785495948545	0.6771871418210343
0.6244317045571257	0.7130085548178487	0.764593012108917	0.6331186590508395
0.5951508507749053	0.6303229144727853	0.6214802187315583	0.6798389056250022
0.690945692702036	0.6434188450720557	0.6215247708520827	0.6183487307455611
0.6710648282539637	0.6858052908650046	0.5927612754250755	0.6222388385621863
0.6416212833426627	0.6564130973016276	0.6979119363280243	0.7338215363823832
0.6494158872917136	0.6926762682734001	0.6003810137647111	0.7656120965125527
0.6555056331398802	0.6210987179715188	0.6378549151749303	0.6701082042513002
0.5476761419511061	0.7251899247339265	0.6669416418785082	0.608014730800301
0.6705033209962846	0.6247762612341077	0.6228247103308842	0.5509194343033361
0.6630177745009922	0.7080354105418758	0.6402381808641625	0.6216823461540072
0.5862542756001338	0.7168711413453802	0.729548249821207	0.5822301202340643
0.6936297995318065	0.643030012053992	0.6256400990773799	0.7432658430980261
0.8020139887234791	0.6932024748420664	0.6297806747503666	0.6102011611722795
0.6117428810981149	0.6982880115953505	0.6264187795633246	0.6273057808217437
0.6682968231116209	0.6014614255378037	0.7441485054077795	0.6490109136852767
0.6887648081977399	0.6833477881003214	0.6591913441937333	0.6785694019874178
0.6091051812845658	0.6787703029536978	0.6098859716927014	0.6732028295253492
0.6155247414114372	0.6296878506830889	0.6706647390003887	0.6407449684504231
0.699655394206526	0.6458405910729068	0.7038048990394035	0.6255735746507656
0.6534337424024986	0.5703928956256644	0.6994035414594467	0.5644580934148733
0.7019176578642411	0.5968787511374971	0.6391298793778458	0.6935673102929583
0.7398590898274655	0.5721737710142016	0.7329439709212249	0.6555756919177161
0.6330910396627558	0.7390052761069521	0.7241274794051579	0.6693391852883251
0.6362331345482408	0.7425097785203408	0.6039105781729911	0.6495877797830215
0.6167865318978778	0.6707195962545365	0.5973215113844643	0.7432490761082295
0.7352458282870387	0.7260801971789	0.7074444763550921	0.7065121116232994
0.7181929867089994	0.6798251262832901	0.7198164833848928	0.6609435133120349
0.6617988763991733	0.609184780463691	0.6415548276339337	0.7757616425347289
0.5552184224420178	0.7358786639289434	0.7066112546256424	0.6433577130846122
0.6735417441666808	0.7500981635969592	0.7301371412144122	0.6578697696351236
0.7626166392804348	0.7467453958992786	0.770709626371705	0.6518548903961168
0.6508930538006913	0.6816301431317651	0.7299547070342914	0.7100469484142473
0.6627421784921448	0.7139208279448873	0.5742633777907772	0.6583396844187042
0.6753402068170425	0.6859943812340729	0.5834921576017588	0.7349465468643404
0.737178263510888	0.7091259285368343	0.7002748782130264	0.6196626632738317
0.575255187677815	0.6325420920841561	0.757823546062971	0.6962301898191278
0.7786086219419859	0.7329428292955792	0.681986507265302	0.7360968309882372
0.5894877272261697	0.7190690323299666	0.7414633178267305	0.7176221025938262
0.7256450949020055	0.7466162750301575	0.6952265193091649	0.6610978500534335
0.6865809868075612	0.691537605721302	0.7254286867367027	0.7719553310528343
0.5952471628486256	0.8021058509193564	0.7401457398553938	0.688548846685624
0.6995958896112474	0.7409500121973447	0.745151115012915	0.6892304451806873
0.7444164687505255	0.6736441925457505	0.6763453721219236	0.670182292388236
0.734863310724302	0.6589842487017645	0.7187706702541211	0.7812653367911637
0.566522109317264	0.6053421821114715	0.6963068287608739	0.6733585976314228
0.6991336125042219	0.7480343041888778	0.6273895649604483	0.6274098876575365
0.6979929563105723	0.6687661043562261	0.7193289115390219	0.6604155059381572
0.664620185469749	0.7026889889154472	0.7196726653617038	0.7184011225806425
0.7234400252330265	0.6597985565198513	0.6727369193362246	0.7089159249173888
0.6886312420804294	0.7204506842993542	0.6861109139763832	0.7406889357666336
0.7521108148602884	0.6538158512862823	0.6693349044131605	0.7010642341239349
0.6955147524051736	0.7608581444410321	0.723441948077622	0.635512952637221
0.7085940614203824	0.6047957098473861	0.6815122318252433	0.6360010427435201
0.6615263647036465	0.7139457586408207	0.7137808137335633	0.7135457404031309
0.7375874016817151	0.7191578399057172	0.7333157553214114	0.7026465051191652
0.7041062896972397	0.7050057548133645	0.7161133306769664	0.7217037683881399
0.7417669167485753	0.6246687204267438	0.6998489922295651	0.600654231118566
0.6869039209950265	0.6997589470606863	0.7397773880974314	0.6295464016470989
0.6475839979244785	0.6806910511498676	0.7609680524957011	0.7370029136082149
0.6083780796666545	0.7138307971983687	0.662356663683231	0.6749352137539055
0.7471089633224464	0.7325307292628342	0.6418312647308569	0.6622059845941822
0.7244351972276072	0.8212732005775029	0.6501914418636537	0.7259397810161076
0.7178369462502345	0.6801918019732361	0.660489503617694	0.676525773231037
0.6774271578185403	0.7076460752103194	0.6863292037689427	0.7055606371768376
0.6993862185015557	0.7579840451461388	0.6881102051670699	0.6478067100911895
0.6890379264587057	0.6553533902900303	0.6806065761414078	0.761499077033185
0.7536360060997112	0.682353037639772	0.6140830132875713	0.6546398094897378
0.7237655846136437	0.820497070713613	0.7057879759070678	0.763371492534313
0.6613791822829267	0.7928412839224722	0.6714519527502794	0.8105571384611642
0.7305081200774074	0.6935575047572592	0.7366773598133164	0.8211161191329794
0.7498503539235053	0.6391287332163481	0.7171402981805606	0.6946847411298791
0.6527532390683772	0.610075166831671	0.7547299526108306	0.7252346563802261
0.6493073719914407	0.7685032890263461	0.7105885280384542	0.6784729125794989
0.7455758078454819	0.7350392839119146	0.7086217965940027	0.7666060125231607
0.8036328229983145	0.803630300962256	0.6655035588883792	0.6373359270207324
0.6885987475687366	0.7069730862355627	0.8065594137525813	0.7360334152152614
0.7914801389029706	0.7093578921155023	0.7337177454290567	0.7280893632113515
0.6991297101403267	0.7101168109604671	0.7359753528933911	0.6775293505324358
0.6964058164319096	0.7454853051740263	0.7525004616957189	0.7605984863499702
0.7161538087117144	0.7525501088607681	0.7197639615619202	0.7621377780161842
0.7897046844692913	0.7396248731527089	0.7645179550194766	0.7387447990734168
0.7239725586912078	0.6957426710641448	0.6688034575252411	0.673570558898234
0.7815749758324623	0.7947830270358971	0.768128635121546	0.76254469444337
0.6487792356856883	0.7292101324703982	0.7038992231240466	0.7758144619193796
0.7452898310615215	0.7619939960669315	0.6839923278430428	0.7295307465895897
0.7913394228331685	0.7256948829782128	0.6729373201216282	0.8226568785083505
0.7322461765557657	0.6979098037957586	0.7591364871986667	0.6971865090826866
0.7313052079338348	0.7122557902687547	0.6397755617244323	0.84147001271706
0.7022864057450225	0.8071893473464062	0.7760303745294396	0.7159995379500879
0.853810283047132	0.723369941450217	0.8315814306914839	0.6539946942727589
0.7102508754406995	0.7205638912701908	0.7946524066839753	0.6319098560498431
0.741931075004987	0.6767844909548886	0.7950541986235499	0.8172018664127129
0.7725939354874664	0.7351742587110572	0.7988452286757253	0.7106779565631045
0.8101834083537207	0.7529860738531269	0.7158828003268214	0.7209713720004818
0.7406475886243596	0.6877437029687365	0.8049926077403581	0.7259773705588894
0.8774121261699873	0.7606517489492125	0.8290215604420506	0.6504346852906719
0.753685066130786	0.776494330105527	0.6709673227554583	0.6464157979324883
0.7705893335661945	0.6839216972121835	0.8086086312696754	0.7384570613724477
0.6883615253125442	0.7720196055714341	0.7448753784529998	0.6799598355181241
0.753291553524578	0.6980764398505751	0.8008766232221944	0.7105400887303596
0.8267020652872034	0.7495419264313327	0.7545856108719706	0.7294629603981724
0.8119960863632756	0.8399643258973265	0.6629130449823364	0.8047244997237121
0.7088598916267792	0.7633176359309938	0.6778925003270647	0.705478752149365
0.7602780886017844	0.7731569036099808	0.7015479399647049	0.7498442362156565
0.6482827010159343	0.8279712976690228	0.7446681035274146	0.8080346131507953
0.7403893777865111	0.6606564253402173	0.7097084678182668	0.810117404860651
0.7291909240091184	0.8001996492583943	0.7855347683980267	0.6951523727352188
0.7947333266331151	0.7001052359106421	0.7104236428618547	0.7534281490774328
0.7628194334802737	0.7796194480714119	0.6760589835142468	0.7731147311625736
0.8454074798252001	0.7724863366975966	0.7293567011227293	0.7279982747935909
0.8093862734352092	0.7362255326791468	0.7258048055950693	0.6476571765786608
0.8155491715351358	0.7115537759375522	0.7778906499740752	0.7670369889024028
0.7456385503389431	0.7033104073795396	0.7105204734198451	0.6720843353311953
0.7672805457661882	0.7555749359997057	0.7406214786386395	0.764096685915914
0.7123810370296573	0.7148325525061019	0.7436887268073995	0.7504742508004808
0.7886296885385219	0.7301320628073696	0.710489844905403	0.8196753064755246
0.7704100011858241	0.7134423306815681	0.7878328058655182	0.7802856515251089
0.7188851590286042	0.8012546166550375	0.8514596769051133	0.736293474482015
0.7379868944121359	0.8720706941655199	0.8188499620659089	0.7376711925579823
0.7456813886020291	0.7116806966448554	0.7756278676726787	0.7537595954291803
0.7866441946061595	0.8226589611962342	0.7648046453516609	0.7776632031344376
0.746507251516917	0.7168873111031787	0.7584307286838844	0.7495600636981907
0.762454116200733	0.714241530605898	0.7104820834215039	0.7643743945743546
0.732475337102033	0.7920172537036305	0.6419937301221723	0.6475647574853755
0.7665877386660542	0.7941961255898874	0.7375871854353445	0.7818435433505181
0.743763930449404	0.8061824475784439	0.8020886571265989	0.6914462954276998
0.662703876917424	0.7474956458407068	0.736032338245122	0.8169251275917652
0.7040190392682812	0.8280241112770823	0.742600243354956	0.6384021766886917
0.8158435787312922	0.7996058824866203	0.816183959295174	0.8284044263557121
0.7113341392254999	0.8498268129443669	0.8021289730823449	0.8380848561440217
0.812039018288095	0.7977533960461158	0.7483968113126976	0.9164865621941819
0.8454308721226824	0.7766829735013059	0.7781937982113246	0.7903475617247473
0.867781162840057	0.8027387086637495	0.8040790155656009	0.7751294144918476
0.8257943321871873	0.7774209870284455	0.817912150624541	0.659890193898607
0.8112488117242675	0.8475894148571013	0.7882445454341274	0.7707574683632561
0.8077847744941089	0.7523547054309543	0.74329385347477	0.7682742700368889
0.7659519503282615	0.753686136282163	0.8231303579782046	0.7089582422813753
0.7588664389606163	0.8475021862362102	0.8051675937384378	0.7819734264460187
0.7544988694766163	0.7440460421466855	0.8280859997148772	0.8059372388119382
0.7517743189606346	0.7452871335188077	0.7675237419686851	0.7729096902141954
0.7655264877205141	0.8129586450431763	0.8001643465489046	0.7708412817523257
0.8398386392270987	0.8531885642434023	0.8353300254251215	0.7288065885906666
0.8510469859301009	0.7487392756070687	0.7772513647484055	0.7887263762734762
0.7534854564846076	0.8009637622093054	0.7872471812098528	0.7598241651888344
0.7751514331794751	0.8166842463567832	0.8212811463421189	0.7591162059572613
0.7665216672881642	0.7478960270846439	0.7857584597411659	0.8246102060796513
0.8382723250403823	0.6515872246377478	0.7606534970501541	0.9155682944244096
0.7590397419513082	0.8875479448982347	0.8241427875165563	0.8369891440967178
0.6878359772933412	0.8119068748401697	0.829246550788631	0.7613642713728934
0.7554003135344994	0.68253938294503	0.7807298292704172	0.8358514700054135
0.6956526104961427	0.8108332181707446	0.7695112095205452	0.8564795853707282
0.9314843892833263	0.8404586472459313	0.7905107764202325	0.7910340399905009
0.7315032287499865	0.7579027553124591	0.8081278710179328	0.7622577331099356
0.7620415805077653	0.733065467268731	0.8003231921030248	0.790559518825491
0.7888058543343688	0.8669065015724658	0.751132058055163	0.8295935499065381
0.8263368709645622	0.8036735461840627	0.7095956930254027	0.8178152161460245
0.7926306003245179	0.8496890261764529	0.7658881711636528	0.8114534243120282
0.78133451066641	0.791590758483481	0.7416610614060706	0.7813060030801107
0.7138313904606056	0.8746170902382929	0.8368642959091717	0.8418288483565234
0.8093985577985007	0.7560100915032903	0.8139909402883553	0.8586882757007784
0.9494525308975021	0.8217617425876486	0.7866933794009262	0.8322880475789823
0.8462552895368395	0.8916124756365176	0.8598530238782942	0.7683050156382553
0.7399716919732553	0.8336395354232288	0.8051061613330531	0.806204816063626
0.8047887406011499	0.7379031924107674	0.9429744153141187	0.7950559096156579
0.8351314495702055	0.7693454730443102	0.778550052415655	0.8576412188115451
0.7940175071150052	0.7860761820517428	0.7803032016686064	0.7169891711960008
0.7574489371845152	0.8410994354936172	0.8522474278736626	0.8438975214360571
0.8220521073556865	0.8187347011442903	0.7900746015817393	0.788458660140166
0.8258052132792383	0.844376768056659	0.8395789238347463	0.8658420048482297
0.7672374054134123	0.7749044274391558	0.7957243916658312	0.8658270647816768
0.7871718025458824	0.9230866381447477	0.9024381079436599	0.8044666868667582
0.8520279863032606	0.6964163456671698	0.7888205808499525	0.8217225924866457
0.7410215662324651	0.8006758730122551	0.8587976153526717	0.8210356897172795
0.8064543837133573	0.7784840417872857	0.770180376846925	0.8345076711246012
0.8328149681893036	0.8283947131593405	0.7897609501983454	0.8297857875313587
0.7319288047926282	0.8377829436994162	0.7379914928144349	0.8774386339880778
0.8736181087381946	0.8660792012321775	0.8706005170422051	0.819980603844516
0.8532755311655926	0.8125863535160667	0.8642569588342516	0.834950183437842
0.7875881254048049	0.8390958475408408	0.7841549751347703	0.8324343613036976
0.8521026628638178	0.7870094604877932	0.9127720888492039	0.7471529911819985
0.7522792499720139	0.8286218160853092	0.8592163626895736	0.6907565473606014
0.8556717678200941	0.8776331861625135	0.8378495989953183	0.8510068938659404
0.7365242991578895	0.7688071649698094	0.8493842504361871	0.8052571007478155
0.8219341556081682	0.8412166831530394	0.810148810256492	0.8329269965799919
0.8526914742958605	0.8004461848986392	0.9148732729859097	0.7735092679904539
0.8529122287789673	0.902700251604449	0.8540753476260008	0.8012846575092589
0.8920450707423543	0.8549122406431706	0.8316405530164382	0.7670778127600453
0.776408796118303	0.7930636830563884	0.8172392289444915	0.8553761890297609
0.843685212341136	0.8305780453554512	0.8153623172088194	0.8491489139609204
0.842214172638755	0.8064882612476466	0.8188366432659682	0.8709758612092644
0.8535999781503785	0.9053006538483355	0.8621847198640435	0.8695727628755744
0.8456038369111302	0.8377864563470261	0.7808144362997391	0.7615217261581017
0.8222357868972214	0.8568052794632119	0.7460402982967309	0.7787352795229301
0.8416018899213743	0.7872845809418028	1.0	0.8562164889955325
0.7930311410943969	0.9028067791730372	0.8649277734043663	0.8576215473232014
0.9099318729755728	0.7906294048037082	0.8568570908349081	0.8523571961599227
0.8714836967038726	0.8100686144277509	0.8338304617597483	0.8554400725881213
0.8078827440599722	0.7850890425476827	0.9288741735797955	0.7932146116045591
0.8897251067336038	0.8253192374500081	0.7452245720376253	0.8155321257105462
0.8873478549730299	0.723270558497503	0.7831788459380264	0.8998987566218054
0.8938185025003258	0.8793878122256334	0.8208321679645627	0.8621455285454092
0.8523645763547452	0.823159475190312	0.8949755633146774	0.8524940201571445
0.7788112265039687	0.7875623496040847	0.7580053991926685	0.8096805438683664
0.9056322581943863	0.8851608257094931	0.8380658606721368	0.9115713998232178
0.8106778479054491	0.8187510714148084	0.8203456953403501	0.8369085715401626
0.8698610036946526	0.853560941206666	0.9355943579847913	0.8397478262576239
0.8740019052815369	0.8888900077526591	0.907514004880185	0.7586623344454401
0.8908717307169063	0.8110654116008796	0.8117617104748328	0.8065470305255259
0.8900293558571236	0.7550533559010503	0.8642689653760892	0.8867832468204694
0.8688235798583477	0.7844462047248671	0.8167135563733123	0.8675372006548842
0.8927720546143949	0.9132129201823245	0.8655210359504414	0.7956790084297839
0.8093969674062563	0.8945788618454223	0.7563841929730468	0.8433515853242382
0.9260942201145601	0.8631339404703172	0.8874491302665046	0.9027794141852478
0.8500714604833822	0.9222755592056917	0.8971503797429593	0.8594003524786182
0.836261968783998	0.8713522229154954	0.8722508270741205	0.9159454391783984
0.7736106646012564	0.8349997764924222	0.8379343786435177	0.8517683213031867
0.8939666684883144	0.8291972595809275	0.8698986690120226	0.9229336415601046
0.8400181937826847	0.7800695187972508	0.7661656819721098	0.834724342160087
0.9842357733640286	0.840855473625125	0.9079688531232307	0.8866502515076594
0.8481492907026912	0.8521983412495818	0.8425458360940793	0.8158744325923237
0.8640727851083284	0.840380839103598	0.8180217672246795	0.9278807083933434
0.8427617254327836	0.8401718023978394	0.9233099122015003	0.7995183597614568
0.8430039731349488	0.7877228468901134	0.8358010202884414	0.837657478483397
0.8495458446927056	0.8435733971007437	0.890964154332723	0.8081444529821761
0.7903422694816001	0.8382180494511129	0.8489468438016996	0.8665487022477288
0.79166059267583	0.8923350924309484	0.9334698744880069	0.8438953753381836
0.8546247700150927	0.8523072167702638	0.8468960619682308	0.8333612492748622
0.9149554103022782	0.8563917082729605	0.8530212095284215	0.8675322713208415
0.936368167805838	0.8583465061835864	0.8826715418935747	0.8550104802005383
0.8145448574797691	0.8937822495666168	0.8871920310648398	0.8040208355169997
0.9411659787792376	0.8429711531725866	0.843916519050507	0.8286277802379783
0.7948554703546181	0.9001443391383546	0.8917441631902335	0.8448055067161254
0.7770490961688924	0.8753710139688987	0.7487767600365798	0.8460021379947704
0.8868735846232841	0.8564681168485365	0.8911170217382578	0.7824853089826921
0.8496995855431614	0.8912210761617944	0.8394749848471753	0.9007672964977331
0.8317537473055128	0.9552622024338004	0.8526706300295497	0.8701562985766055
0.8093933533016899	0.8471078454652232	0.9439060655153534	0.7513933233891824
0.9241863702525951	0.8861820143999891	0.8424216174439947	0.9706440790565438
0.8997836593102994	0.9303252181000078	0.8968318382062059	0.8079528016932055
0.7847360984044883	0.9436903571789559	0.8487888614780698	0.8129984340222242
0.9232031357423346	0.9239528735138628	0.8092498227381322	0.8527258698295177
0.8282925125274596	0.8601415367835746	0.8685770026502344	0.8191194502549493
0.880778074971144	0.9003034332902937	0.8512381925834503	0.8756883968072526
0.8954440913702034	0.8650800432612031	0.9149652567745805	0.847684534949211
0.862643814900764	0.8135444693946294	0.7947196135087014	0.9614716959050247
0.921898392743332	0.8162958201174244	0.8756427917422649	0.9748951091508812
0.8043238705940726	0.8090861366550813	0.8775254074002213	0.8913329433605754
0.9062233401547981	0.9145888501254236	0.9173994540377258	0.8746368807728809
0.8738012822379582	0.9341502267759169	0.8569522912083758	0.8483644627935929
0.8747242539261599	0.8122791457603198	0.8574317640155767	0.8917443448018187
0.8547095100950183	0.9637819659351594	0.9929395710799105	0.8600258281276316
0.9257574037318355	0.8214278477585358	0.7462407522502401	0.8472070952387553
0.831229823361669	0.816551601816256	0.9244476983152585	0.8700392854680309
0.8715958974263256	0.9622365804389363	0.8789778793042132	0.8912559308893647
0.9391289348981349	0.8824403283212131	0.8723946644350202	0.9667071204084682
0.7912309058682885	0.854560571346745	0.9698814775351876	0.9381052398422536
0.9025532043413131	0.899143336513938	0.8239983863816254	0.9217266403717352
0.9210138968879061	1.0	0.9201442846724994	0.894720957500909
0.8230043652067468	1.0	0.7728922384198593	0.7886125120711256
0.909378983961277	0.8588085648470855	0.8703647011974927	0.8276100907493036
0.9020259448427416	0.8748352292036615	0.8862781318634005	0.8188400693676839
0.8761859565659033	0.8941151544191909	0.9050948678765296	0.8609242406902748
0.86580275346856	0.8744552572948925	0.9101915249904909	0.9445595536415339
0.9004518447329006	0.8908412955561562	0.8465759993213333	0.8814183266116234
0.9235205248232371	0.9068146244234437	0.9319509452126619	0.8517927049408964
0.8664193282681428	0.8890235997101565	0.841405551453765	0.8314555281377406
0.934380444049578	0.9420710987115513	0.9321751172205005	0.9467895639307735
0.8771840367300935	0.8770579258890485	0.8732783978105864	0.921835113423651
0.8892947850514492	0.9464861600645913	0.9001161560424703	0.8661114527233773
0.8831488477462219	0.9273199921289255	0.8935840134699831	0.8825926942280385
0.9888960356152522	0.8654099336225345	0.8602822625122808	0.8338650824675161
0.9047306919303676	0.9091617140047514	0.938268982752524	0.8974045696201632
0.9234447424634776	0.9673589516699334	0.9503773934639966	0.918754848680618
0.8460113430415723	0.9122833447251325	0.8431941798221548	0.8865603048818336
0.9439954241937443	0.8500041830243548	0.8934624260714132	0.8898648173288077
0.943349345061325	0.8582781712522551	0.9422130108645356	0.8828099750950313
0.8956592383388103	0.8360192545955547	0.9211444549192473	0.8455822628512124
0.915732221547854	0.926865596516792	0.978767218710532	0.8750480118959562
1.0	0.9406401521340474	0.9572120175124488	0.948120255940137
0.9492609875401643	0.9725882255696172	0.7083316876513509	0.9516419686526494
1.0	0.9346860335802881	0.8666585101986227	0.8735831326551332
0.9078127934084445	0.9148086496562636	0.9787896877812663	0.9190720290062464
0.9055273103486777	0.9246465191831117	0.9612813496805617	0.9008786080453257
0.972967498079539	0.9733510569111846	0.8828781060008322	0.9019771998621849
0.8693944933861076	0.8802109446987717	0.8456427231723769	0.9164413178254415
0.9057117860879244	0.9299807155196121	1.0	0.9085195207809559
0.8861056738929802	0.9071098998847769	0.9130733029203387	1.0
0.9729724191456817	0.8975252514473813	0.8889322019284753	0.9834225817691141
0.8915044413417275	0.874124519268626	0.8800718634808053	0.9339570434253281
0.8965976012031092	1.0	0.9884132635350116	0.94789187090705
0.92604839206758	0.9351192631585504	0.9027204909930113	0.9610200904982494
0.8298516039653377	0.8985089484624722	0.9985457775791683	0.8519830312587866
0.9269986848338498	0.9214550862371912	0.8745334922564902	1.0
0.9600219972632409	0.9102280429236413	0.9126170519817575	0.9778037192578679
0.8227250815474473	0.9654766880865839	0.9279715967214084	0.9697871074583186
0.9098163223988887	0.9410014621655463	0.9646779550861658	0.9565209772634479
0.9369124819982932	0.997484008705333	0.9729780803579136	0.9305131350667981
0.913074468581179	1.0	0.9024158495846123	0.9381905418242228
0.9243804077404978	0.9855329633619145	0.9199502713499936	0.9937673246225681
0.8776590670976492	0.9554927242669893	0.8480204960351447	0.8453834633762457
0.9613416769175916	0.9339444863494116	0.9166387733119814	0.9342085433864565
0.9512467737493365	0.9870088417501074	1.0	0.9075549999435812
0.9359023735717424	0.9016858196569861	0.9090201696618418	0.9982324953203501
0.9648804669942186	0.9099466885858953	0.9652148321998567	1.0
0.9249884515668026	0.9805393991430714	0.9121169914982378	0.9432605863199758
0.928380133385991	0.9557732332094497	0.8801256943844873	0.9777273667059165
0.895904592530461	0.9506979493917322	0.9344346013599678	0.9719214027907648
0.9811930162703894	1.0	0.9266966804764364	0.8798602853225255
0.9876970356682644	0.9142479921796012	0.9486038491387158	0.9550361567789349
0.9354687557899946	0.8591709170410639	0.8974548620088031	0.9436243806705149
0.9404968854220642	0.9741640205421941	0.8810189700835969	1.0
1.0	1.0	0.9938510776435725	0.8704105753780004
0.92822624003058	0.9179841414137359	0.9352823736277949	0.9578308604457542
0.9709234893162042	0.9379212836448029	1.0	0.8671123326975311
0.9572369306017935	0.9968381410237386	0.9048543376404212	0.8876951248140563
0.8597928707559509	0.9166673641151308	0.9766771631061895	0.972742104696194
0.846990197312075	0.9245792965211654	0.9911161221670951	0.9808639863218234
0.9310886420496308	0.9395393802978498	0.9665296836828303	0.8868435399172263
0.9526408212754738	0.8509873233159924	0.9361880535627948	0.9819997948115683
0.9762371865230176	1.0	0.8962862619863509	0.9435597424317181
0.8887238902517918	0.9973463273792624	1.0	0.9871095211987752
0.9460832636512464	0.9003763155637101	0.8616326149009536	0.9707687831035414
0.924288922865639	0.9793624532084936	0.9875808644489348	0.9916620866174204
0.9840097361020161	1.0	0.9716747778760509	0.8897062451650746
0.9037936766872114	0.9100146099450493	1.0	0.9695915958276125
1.0	0.9713504156010155	0.9244093272781325	1.0
1.0	1.0	0.9349770231535834	0.9848657185581832
1.0	0.9974714236700151	1.0	0.9637486764734531
0.9324322571057381	0.9755415349093053	0.9103416640716817	1.0
0.9337039816113188	0.9936583882928607	0.9488355358809476	0.8487582775160353
0.8506158761395012	0.9114318596177897	0.955728415581949	0.9712390015734382
0.9578425443406763	0.7896604680588788	0.9401334835945248	0.8734029847661233
0.8906139749730222	1.0	0.9405032982593857	0.9605442853587954
0.9596698786262404	0.940659870644494	1.0	0.9308339062491314
1.0	0.9512054995357526	0.9201372030808379	0.8724236897554299
0.9801145088485466	0.972644120619646	0.996791852262309	0.9022236658377171
0.9931889590366054	0.8897389441426413	0.8963794435213482	0.9989204936038872
0.9611037475680665	0.9675524228006273	0.9343710658967892	0.9713768343150859
0.914153770508445	0.9648868151137064	0.919571797806974	0.9942850608363554
0.9771929925843789	0.9623625338114448	0.9755814709352448	1.0
0.9845267527609531	0.953302720440503	0.9055584870346063	0.9475030702395445
0.9823544242599908	0.957198263635379	0.9776333659287716	0.9274526032123754
1.0	0.9761705751008608	0.965032112281316	1.0
1.0	0.9737775534976466	0.9569346528278193	0.9894110934213195
0.9707313539795209	1.0	0.9035667987725629	0.9256614676821162
1.0	0.8636430112301305	1.0	0.9418581626065095
0.9961715019517043	0.99193893446754	0.9819654321455171	0.8991793833000862
0.9333535546386202	1.0	0.9872562475433355	1.0
1.0	1.0	0.9541155471817663	1.0
0.9801065513259838	1.0	1.0	1.0
0.9946981129208592	0.9484178120390877	0.9864631750588986	1.0
0.9850242182901419	0.9021923540871098	0.9452605977904531	0.9034974782348307
0.9467103084252467	0.9861051063450286	0.9840081832895353	1.0
0.9669658985737859	1.0	0.9283529315465235	1.0
0.9660302542637857	1.0	1.0	0.9120408226728196
0.9380089084515021	1.0	1.0	0.9113687361454688
0.966764326495342	0.9999499419020957	0.993040041537546	0.8778844505727438
1.0	0.8746423409705983	1.0	0.9664487877221292
0.9935702152813638	1.0	0.9552252005949079	0.9264317714075007
1.0	1.0	0.973876040548168	1.0
1.0	0.9753880353970065	0.8904338138456329	1.0
1.0	0.9496382681565781	0.9493798780115663	0.9710262216987413
0.960735053385386	0.9565941450501415	1.0	1.0
1.0	1.0	1.0	0.9493665518328676
1.0	0.9615986483165694	1.0	1.0
0.9679628069336127	0.9873150466880364	1.0	1.0
0.99844364635971	1.0	1.0	1.0
1.0	1.0	1.0	0.9924846986089553
1.0	0.972711020277726	1.0	1.0
