0.42470633268596897	0.32904766495785254	0.6315141449139061	0.5244940566148178
0.5637444976699356	0.25382599943497985	0.5057359534568705	0.6351130293143036
0.42955833413326594	0.41944955908486314	0.7450155165830527	0.3170732819818689
0.308182768674633	0.38085371261004863	0.42835477431069857	0.49610314521692506
0.484230740101611	0.4490194068899897	0.4904506191758122	0.5049121784381982
0.7637027145544812	0.724076420366986	0.22339534901152241	0.46797350033112567
0.7254694778699956	0.7198460788497723	0.6555289660101391	0.24386601529380425
0.5771541557597103	0.5365426922441799	0.8041718463202814	0.6164149634006968
0.5343070970371941	0.640297957612997	0.42054115004100334	0.34795712457718775
0.3873154695703178	0.4332507707917014	0.590642843271777	0.4083552113983835
0.4895694476620566	0.7219239150974556	0.364588123195711	0.7240539108578667
0.6233455220837143	0.6423846705063542	0.43254779076958944	0.46795799424642887
0.5284447142662567	0.6626147877960202	0.6314028763257062	0.6206799869430807
0.3743285457343974	0.34092160999482723	0.3912409020400772	0.4938908465494116
0.4603335241210579	0.6846377202047452	0.5785278290288107	0.6045642109397698
0.143966842222292	0.5179953779457251	0.48152972974832986	0.2872102447385121
0.6355310164439902	0.4164850078385316	0.3999648822337185	0.4820649508644441
0.38775970915832203	0.5749051661297897	0.552743741187633	0.6050932207239661
0.5356429056077756	0.5352996173818043	0.33498442776121184	0.5559669887283295
0.7597237670325812	0.5552353407665684	0.49363686598997636	0.3546279354141266
0.5139627371848797	0.25981722539134794	0.315681426025595	0.5983309683101226
0.3543283880054422	0.42309504852404384	0.6324224989498821	0.4539923948777953
0.19569707283124155	0.7152350173283676	0.3677175016182227	0.4589333840481503
0.578529906690433	0.7024978880447419	0.32927832254580425	0.33367942653885085
0.7328758144481003	0.546744498453905	0.5530447691486042	0.6799323241822013
0.3652821689177935	0.3224595330326074	0.27546410010959765	0.5600914764581777
0.43645010693766695	0.44419081419405937	0.6758572029799637	0.5105216654010294
0.5716667024148702	0.48167105648512476	0.4658131218245156	0.7175892004473823
0.4379056723059881	0.6084013846189937	0.49813179567966553	0.345826712760928
0.4579026821595095	0.46624549053838704	0.41833824395588604	0.5800925385529553
0.5776779441281277	0.33731143927689783	0.488051372319193	0.5255482582124699
0.5312508243714797	0.7173526814072992	0.2730470936955097	0.7258325215082287
0.5468108365276735	0.49321354658723116	0.7721100100959323	0.6092926149727383
0.4669658818018799	0.3481757860632169	0.3704134695705773	0.18082144784964743
0.5790700513184671	0.44640489102797853	0.7526608273049133	0.319108384960083
0.5776248183361729	0.424510665548958	0.5392003342841182	0.5523835026951953
0.5159055354782616	0.39168322671116895	0.7631784956400469	0.2356001519861023
0.3543138785391067	0.5498569239640789	0.48064280255814695	0.42369857267797845
0.5037103181416338	0.4484419579725044	0.3493429372623825	0.5898522982709602
0.7492027824903641	0.4088836130921369	0.7022782832132577	0.6801151889655497
0.5751740627999611	0.6851494550137137	0.4481403968487926	0.3835996876722288
0.4733759556109176	0.31687832221186396	0.7566692422682175	0.5821560786997562
0.34329505517067577	0.23190238936918328	0.709559981438318	0.5642677017399671
0.35486365155125893	0.1	0.20759484476093243	0.5784140278521842
0.5939845919300145	0.21937965046934288	0.40620670295930655	0.7418968995169568
0.2899790137341159	0.43563501443377	0.5127320999118746	0.5117735007165972
0.3796818422015322	0.5843462415404422	0.7020589443692948	0.36606693637053356
0.37364499144257624	0.3183872297953295	0.7815755107287983	0.4907395720629522
0.5237911836163373	0.4725564099917201	0.603875308848437	0.6528091993689519
0.38060900434358197	0.3755113687135381	0.6653626545699544	0.6117682783145365
0.5283737796480644	0.4492428309449198	0.383127810488585	0.1307339897862425
0.464360108808635	0.3335986374289492	0.3775596604740399	0.6372787182207389
0.5226429747452822	0.404097659186985	0.29014715890287335	0.4207272177813251
0.31824872513653124	0.6661344766933809	0.4320201891975876	0.2657563786073611
0.25478729230495184	0.4070725071924406	0.5969889061960412	0.32199879620403227
0.5292065504270349	0.12408463145276327	0.7969172585271045	0.7913289730005719
0.6027521755203226	0.5022109281397623	0.45023021447987904	0.6184592595598818
0.6552590763795607	0.4179221058642398	0.5410093230999418	0.46325133791549
0.5953883197336689	0.6807223534747521	0.3844970277766031	0.2674535701624042
0.46388081433779416	0.3368692166129733	0.5762734250803461	0.7127938278248243
0.4372655146808643	0.7211364751948987	0.5103441926171877	0.6972919580762671
0.3447360658152063	0.6738196631576898	0.24888678359291294	0.3540790183015777
0.24181882720261122	0.5538043492978133	0.6123537272767954	0.41934980474239353
0.5646167268683084	0.502304188542794	0.5622210435631211	0.40700017248964976
0.41578140750709225	0.49786679311011245	0.6094438967773819	0.39500288852196874
0.2710033610103326	0.6449083067755083	0.2969958415479059	0.5353963276833767
0.5597683124888478	0.5080791107759657	0.18036341313922477	0.34474973602419734
0.725175790791936	0.8151349916820689	0.4999283837958622	0.4544743254776215
0.5730548427738473	0.5467154022836679	0.5490873706160309	0.4151933548220583
0.5035127005953164	0.5331902110444328	0.4850504482828529	0.3014739567375621
0.5671671598849393	0.3376399579265661	0.7273769799651137	0.5800050107177239
0.47122681076168665	0.42781755699836344	0.4973074371455163	0.4820898534561009
0.7842675279579683	0.6163905935023322	0.5673036123481446	0.404415933186391
0.30159176996006787	0.8549042509155639	0.636618234193328	0.4986185346587517
0.36698038382491016	0.694279950558306	0.4210934215160826	0.44818852880290516
0.3916855505773206	0.36297652617284	0.38669824270887176	0.6224135596997072
0.48083714513769454	0.43965762488738525	0.45670218539049257	0.42180994744191735
0.10001075626647621	0.5130442039575883	0.6002941198660094	0.4262006283864326
0.5907555087944474	0.6511271822973472	0.7363287405791109	0.47901123846471255
0.5192028214835194	0.5183110530174729	0.3603875862478527	0.40568094240170344
0.7050131632288239	0.2731004935205575	0.3058252864447837	0.4675233980611737
0.7353461418833981	0.7482535939224468	0.5586056932730192	0.1
0.6455637690201171	0.3373906074393034	0.697953817638624	0.613961905287411
0.5738937962227896	0.33462728025761224	0.29741120480142336	0.41290166722527577
0.41631487776686404	0.5766701423266118	0.26693432669311834	0.6637023638880711
0.5101994287326338	0.6756030229283086	0.5332512328033517	0.739946635584315
0.5830991179361648	0.4592237310358258	0.3037904728633953	0.45193334997929435
0.5088705428463732	0.3517996915709224	0.6416891666035722	0.4443953539115952
0.5561243036830991	0.3049125244534494	0.5325422198672106	0.49658512235645696
0.41497920295643953	0.48308702300595796	0.5334408857183968	0.6590071034755269
0.4225937861014662	0.34518908716629615	0.39128992989150135	0.7511884726970043
0.33992126768656616	0.33802216813643154	0.6307529409692653	0.5298936517994964
0.5882975624073019	0.2236970898403024	0.26346135297721035	0.220475281084959
0.5423563941805811	0.4349299204635616	0.5073700110612407	0.4081201619609225
0.7658738455932612	0.5036446015347154	0.5894951793308622	0.6716560382319832
0.41631464658920847	0.544409148167279	0.35735070459001694	0.46864191895088153
0.30692523729921684	0.5884796659172162	0.7057983347205178	0.2774111338704852
0.6003288166075739	0.6547844142217715	0.6273096688245605	0.6093754214838332
0.5201250566117372	0.3487273201942419	0.7367433873855382	0.6166903498269126
0.4256779198877947	0.5445038100631934	0.5230237573272185	0.601484354712933
0.4715073834618532	0.6788437869090016	0.44996454129392804	0.3179798813064691
0.3164432385294424	0.7203237894917991	0.2477170141383156	0.21491488267998898
0.4969079015722165	0.23884207837937876	0.46588045804839384	0.40086561277952454
0.7398415873909279	0.5029288638490038	0.4133054994302514	0.5317571956012276
0.34162144594667376	0.6382381997465193	0.5622252333847081	0.30584894807909063
0.7963966698867748	0.38276861662958034	0.588101723132886	0.4877483876605388
0.49299673283134926	0.4084434768331443	0.5633889888781505	0.8343616053788265
0.7245688655571856	0.6690528976862323	0.5371057940395811	0.49754169616659355
0.4076102101130647	0.5909618482172623	0.5995112063514827	0.7034495963152051
0.5003058191220366	0.4481862028325882	0.5552695358526772	0.5317731921657614
0.6243482010702348	0.5457258055299686	0.48420682908276985	0.6879861857885398
0.4477546257244586	0.3893441197431907	0.24397421168887123	0.37939565477798354
0.7113800760460908	0.6219110350705686	0.5561818689669704	0.7356978250368864
0.5169982545508202	0.3329342186385157	0.3382244272896642	0.6314868035476486
0.3152870096689342	0.6482494577560025	0.25356853341022517	0.21411034971927012
0.7271730894547	0.5715263072649835	0.6057237466897034	0.3120093326239113
0.6071841373397114	0.6261787563560286	0.5527717339816899	0.8437033090630774
0.5212210278216692	0.6007990494159885	0.6628800005616	0.4875786136018294
0.5934993254049752	0.4542071251249196	0.44445700346684713	0.2316554303122932
0.7200348465060702	0.8529265398130923	0.638267963857238	0.44148987835795206
0.798795270094107	0.3665742585808648	0.5362032528434295	0.603156958283493
0.9118732928722006	0.46189809976099433	0.3532151411163146	0.500090509096761
0.4870178196181534	0.32656291209524463	0.281053046974044	0.5581025864937106
0.3470674871417909	0.5176591866801356	0.5774595291282083	0.403424788865045
0.3101480430294141	0.4992673985099429	0.3649971115203625	0.45589143778493924
0.7515763657484672	0.3959853886885256	0.7214065857691289	0.5638844492292308
0.4818553474377547	0.37927137508028114	0.3830072540031598	0.5034944586942449
0.5500017061667168	0.5200169270136087	0.5278931213436534	0.4960907131518183
0.5531718219948069	0.5010853529928868	0.56373441802423	0.12754250386456034
0.2820471073879438	0.6573478434506485	0.5861689334633776	0.5613225541844857
0.46691371432655127	0.46051637283389935	0.6224714804900028	0.5544608711967621
0.5075790382970594	0.5397854642050645	0.688973349032855	0.5681076048979116
0.48374217881975856	0.6020818467293466	0.5999546556651262	0.7216270103174671
0.7809949618203574	0.6991020445904881	0.46987635105320397	0.5181073780381721
0.38099955669050195	0.3043647720615593	0.3865819014762279	0.4670935596638297
0.35475686648194077	0.6293589833872626	0.4210473195367631	0.5822703307245654
0.6362567022944832	0.567437678357113	0.44293784581350115	0.4371923426355717
0.6238882805999755	0.4478805923490334	0.5958511722446947	0.2614740078311939
0.4119710598105122	0.6141335927752755	0.7154136879603894	0.6462823324861989
0.6024290577547171	0.6226970010753747	0.4032409814718546	0.2377024820622871
0.5415415366306221	0.7083823595261584	0.3765812057409185	0.4553833899193234
0.658306275430896	0.9409723922604722	0.35554422598116964	0.43876916952006806
0.4457737746540349	0.37172368392260136	0.38034980902715476	0.41368693970076376
0.7925499434144365	0.6130966037781355	0.5144812809511506	0.6541675464468308
0.2327334890497219	0.40951035993194806	0.6924154294997655	0.5934820800364938
0.7465329308422918	0.20808936313909432	0.46327125810068537	0.394798681097562
0.4633618536539888	0.428031143175766	0.6096698128154748	0.1760183112967495
0.6153473867024312	0.3552558112055796	0.6734864168442257	0.6704900693914061
0.5681605666828156	0.6919863633495659	0.556906303383602	0.3895001541907472
0.4723040689239838	0.6429063914352279	0.5780952936798154	0.3922808251120072
0.37816735382872385	0.4263499125606913	0.3078798746685655	0.43474892460309766
0.5835437638899397	0.43445889947281807	0.5012171455473445	0.4455818280305406
0.8354196307893615	0.5218623332673596	0.31116697947499183	0.35946410384017435
0.440997490779667	0.3248969172424313	0.6002632795278244	0.42423375830468796
0.37855065521547815	0.36334422274157563	0.5930671261892393	0.6412035673499423
0.42405608670665185	0.571078113394808	0.47050314327951737	0.20470650138395613
0.5340872177545684	0.46362383120910206	0.4654164028480807	0.4822999798219578
0.5796100145699602	0.7732314445090249	0.5358883296317629	0.10534659324956658
0.324057031252033	0.3281450401745417	0.3647798770370171	0.5251337117656794
0.4749006913263285	0.33579513632607927	0.4380617074651346	0.4498783598263579
0.6280282093843473	0.6056889424285548	0.7796243510830008	0.6714190279242225
0.3880381038497942	0.4128213592005392	0.6009414976086329	0.5845829167436055
0.4230322466665332	0.31059996321170635	0.4715200474961931	0.2864322448759672
0.6892260892659423	0.5837387244892742	0.3971927804909053	0.3038611724667686
0.4995697880966802	0.5378426876407708	0.3854036392620371	0.5367982581551883
0.6581100126753305	0.40110883996519203	0.6563097047796701	0.6570664867648961
0.35250261889154877	0.4830642100287334	0.6369556081145802	0.3699443863999644
0.5591203246269333	0.38876558885273443	0.6104982172531824	0.37761048183672796
0.6231450377090662	0.39507491332891437	0.5391272957719037	0.20909059052402984
0.3444964869019743	0.3427081758884947	0.6394731271225955	0.6126220790032351
0.5326246187332715	0.4476875187749246	0.4459597252614277	0.392871242445617
0.4794416707472171	0.23161210461620763	0.8896200297121011	0.28516201073252173
0.3608297547516325	0.5274640429067823	0.6987547038321746	0.479526399426592
0.6757001217026308	0.5520642656479624	0.389799236190151	0.47767090644369786
0.31183480336814284	0.5639900245034899	0.539838421771233	0.7782677992914049
0.5048869424930951	0.723270631907128	0.7127807648432453	0.24100774422546117
0.4093661416553574	0.4742299276838868	0.6163050495188237	0.44834127521617984
0.355145380773628	0.6338495686958634	0.7542857097660072	0.3625229781726711
0.5928409193875916	0.19588352040426982	0.387767751881959	0.33746574905035776
0.6975120346219701	0.34910828487896367	0.5737029583277248	0.3706573318559381
0.4398391621755583	0.5474480953145104	0.5188655550012159	0.5417592449096971
0.7276094297828188	0.718334029167003	0.5280314896221068	0.5518450090549355
0.7007833880505632	0.3501118763938288	0.3547430909184085	0.4411949273018899
0.5097531917212274	0.400642034876054	0.6274251618306104	0.3295074757040458
0.5507537805411041	0.5163919659390909	0.515344182894505	0.5629710508124944
0.4419940861760413	0.6433319055540629	0.4000854713317477	0.34853584354058287
0.49700318959001705	0.372963475064892	0.5529480853337342	0.6492200899482637
0.5688521816689374	0.317644881674774	0.6741112941273064	0.4229651748618426
0.5465248008815033	0.6959733759814958	0.47848340009247065	0.4427232811851954
0.8349742864701264	0.5279160068481075	0.5573753637083123	0.36196579063194767
0.5013706555962029	0.4498328088532793	0.6606417581953798	0.49313392669691414
0.42611827418747106	0.4367294576131381	0.5304104371267319	0.5450619680570495
0.6652401186054897	0.603037633940929	0.5186807568735341	0.42314289900674656
0.5613864546070918	0.34560774484714984	0.33456164861069526	0.436451568885807
0.4859314278399335	0.4009459619334223	0.5031713226606794	0.44099810894025415
0.5323332371205661	0.49777805151198984	0.421415974907455	0.3644823237575189
0.6535734896358594	0.7614805822862437	0.4028555221201665	0.39485342353424335
0.4917551809752785	0.3999848209028042	0.815749424856125	0.5304818181243979
0.6177782980676929	0.6182633385444269	0.12676652550219636	0.723928456752115
0.6764016753348959	0.7874214099342194	0.6130531752446461	0.606055174704441
0.5533101816799868	0.6822794056206226	0.5324072754555115	0.5052956295360509
0.4706205055292294	0.7209593752795889	0.6685387624384971	0.6576481867423
0.6427343563862633	0.41616782846046524	0.5119736816981232	0.422725974991665
0.6058967086380252	0.5176190980630075	0.4839049212847126	0.8151189518832813
0.4019714536020711	0.5487550917633637	0.29163044540895333	0.5907169255576232
0.5591334261569872	0.6699458242114474	0.8912896448354694	0.35886661692201094
0.4627213154310248	0.5892016671476823	0.5316886504935818	0.4793083096302398
0.6165148459304288	0.3640888769245805	0.6081111369146731	0.1
0.4809695839002132	0.6036229362428075	0.569815226695404	0.45954607579283685
0.5184127572756276	0.7083872240226468	0.4735964521518299	0.4349781949721197
0.4788592277037032	0.560284889535118	0.6258663704560226	0.5784207326452688
0.301564468754559	0.6084597071947451	0.19129094701104926	0.3871478263851848
0.4619313551313412	0.5767955278639099	0.3959573897922539	0.6230692749078666
0.20480084235130225	0.439936618518603	0.9259418865749063	0.48063705139361074
0.6520076843749977	0.7354477734725282	0.5961886968827916	0.44707462931471553
0.39097079735372586	0.4682045739201006	0.6051264802901528	0.5105704984452516
0.4158731271158361	0.5871176322248169	0.5404059865512567	0.30284351031525947
0.5425471328512477	0.4405541968608643	0.48452675649424215	0.30133744600461765
0.4242631200884681	0.5112964859172296	0.21953816516389063	0.5637254627361508
0.632888696094898	0.25696763986615795	0.6169837345082382	0.608426563234745
0.32441509875970753	0.6187770903413351	0.27181546142453444	0.5236033644557712
0.43650538393298915	0.3094516216093067	0.650533955813788	0.3690333066040127
0.5754629254865525	0.14179259258783722	0.49219638271845484	0.7814599489882297
0.672529551092798	0.5835894273710132	0.491984508480896	0.3863781921972122
0.6498771584966174	0.7064023588741415	0.9632859160349355	0.3232033548635866
0.3164694918586939	0.2588178413717048	0.4732855129995524	0.597377638945313
0.4776647385181189	0.4207652606516996	0.5478174115252972	0.5756629477262117
0.3370319716018837	0.4009692553259821	0.4547746068115892	0.4957230979919416
0.38572503352786003	0.5862394389594435	0.5986375359408589	0.6107682380746717
0.5900912084328511	0.5508517642803059	0.36405427336471236	0.3793376278960045
0.6524077538309587	0.2815304115583801	0.6204241791165973	0.2002463652248364
0.6318035502669044	0.6607126426377222	0.6152964757242377	0.39876703539498476
0.7064786983648979	0.5180902739227895	0.5161498154215942	0.3189769988026654
0.5591176714765702	0.3271372317287449	0.6171107213936002	0.7154073106358579
0.4742347044138843	0.30551806972821743	0.531180739829096	0.6028923972690188
0.5086280341200043	0.5260163712204605	0.5395352614445056	0.4856755515066033
0.4713874107557455	0.7325261224982413	0.5459216246601951	0.6241480945575635
0.532371460523825	0.26037402720867897	0.5216342410829959	0.4159764548574475
0.44988149523958004	0.2869155419487133	0.7861024056154149	0.29728052241884806
0.6362067176076885	0.4268908752465063	0.4501268301213057	0.6001975333886462
0.367846145782539	0.6338009239279166	0.3944675526494993	0.7787951886695899
0.628093412995013	0.7356353757019348	0.40863407749615843	0.1987210206184571
0.4925455207551711	0.7788199403416269	0.5100627687907026	0.5877051393530002
0.44765810931721955	0.4830075973204924	0.7984235367140129	0.6454687064726484
0.17907369169215775	0.5259315993489407	0.5225132523927112	0.43071693862230176
0.6102081848550505	0.41058717325314653	0.6422327962289456	0.3335911968200579
0.579856472993038	0.4966055925337862	0.5110771224223731	0.7243457674467896
0.483912374015153	0.24965481894240843	0.35296074608704553	0.7879926806809976
0.7026601666510981	0.4686647355302775	0.4229271404666278	0.20235200402688452
0.5371119179770234	0.40183626833212427	0.5443298090512366	0.2752531861373153
0.5127902149034937	0.4424807935434218	0.5544590004595742	0.5292129124537664
0.6026703828827253	0.6137748865898328	0.5572794394417295	0.5586526425674274
0.535601483944482	0.8803338581020592	0.5943984858154668	0.5072997256053394
0.6411763531881831	0.6171378375400675	0.2957455342055936	0.7089331294240571
0.3168397524137516	0.43447790903873307	0.5776480575490537	0.7149954500563598
0.524458386791599	0.4168788287401217	0.4899216973461029	0.6060256287644374
0.6179959902794088	0.6408739229479534	0.5140423192138733	0.6732144331132158
0.21678842842996143	0.7624230189053466	0.3902801288169699	0.6431229808925292
0.6908281361134877	0.5626706646088779	0.4169270782137463	0.5348129954896906
0.5993811213786806	0.6085916283323821	0.45979936857300785	0.40996737307423536
0.5841984783131676	0.3824030149298508	0.5288117358445305	0.3097129073572018
0.6196058341806352	0.4973592737631536	0.4393653664701421	0.2798321951271231
0.5682589393610378	0.5578123044818977	0.5361775414103844	0.5260777977329942
0.32890036893111685	0.4599904194735913	0.40232206969091366	0.42455538724915626
0.49620996320324834	0.7448914826767894	0.5898121243079506	0.23882383149951492
0.38576855783255737	0.47724829839987803	0.3896452334979774	0.7023976076498845
0.12898556299286973	0.29723162511332574	0.5653329036143705	0.4852338315843995
0.32097705328646503	0.42859597465736937	0.7299066889366468	0.6755928286068023
0.3988646051421849	0.407532038173227	0.38365499226809374	0.48597993475086143
0.558608357180665	0.2748510007007512	0.45730845757564903	0.4918880746584833
0.3730342126867573	0.40187918084479657	0.5524770275717987	0.27726262175472394
0.3688054644223709	0.5769170815284338	0.46527701256393567	0.60515667504425
0.5448087360106262	0.6620281941178159	0.2854898490914939	0.42440557101635257
0.2860120354397306	0.5170436416799851	0.6557696578017829	0.4420581382803177
0.5955168233148994	0.6167052979598341	0.5082184571319215	0.6179678110796272
0.3984332468364032	0.48497145315644646	0.2908642787288938	0.705185950971827
0.6408647148905904	0.7944256710654041	0.5756317727692893	0.6864073574665768
0.5961935840995629	0.5071808534597484	0.5622118731047228	0.4014983247754938
0.6085675509157545	0.4708912121524171	0.37792509069468444	0.5226428247780748
0.43226187666352617	0.5839516113585829	0.5882349071640344	0.4303019552385903
0.575855463335866	0.3331844167875849	0.3175187095784936	0.16246854654986637
0.6045272705482148	0.6840209885989003	0.4236877508909017	0.29213273921090344
0.4085240709009574	0.42933531595048163	0.6690316606621505	0.5525074414160926
0.5970476085617175	0.7057569957094598	0.4882486112112809	0.4969047278886159
0.23926881881604423	1.0	0.42556291550449776	0.19721883230761894
0.4088039693021053	0.4509714940494817	0.47528198193314003	0.6114007760181978
0.3190381491570109	0.6059476037359621	0.5113555137004027	0.5201760615619557
0.7291182217075787	0.6670269207331256	0.5097425159472934	0.3529922777980196
0.31656610914859096	0.4135886855680841	0.5591584913518236	0.5874339515301179
0.5068565386001834	0.47201755224796926	0.3058083660376758	0.5071868257848201
0.6312946526436705	0.38543092142606383	0.36510613476398524	0.5002948702174757
0.36713930301387687	0.35905017591533783	0.18854458413053404	0.4019128040367176
0.5032077191561354	0.7203098329800229	0.6805861908003136	0.7703594765950046
0.6259349081310137	0.44394955131515207	0.20665298120597808	0.3501821693740409
0.47509898074015566	0.612899370159755	0.6945769720232794	0.2907896240491145
0.40108719582325975	0.6728817573904483	0.40080630751233043	0.2625869542811157
0.5124234398577563	0.203771037101032	0.8863448566693215	0.5921654141534044
0.4326393683701745	0.44561152162920864	0.6313215437153603	0.3594631404768927
0.6262032602193086	0.14001382915433608	0.5620023870604214	0.5266447455750284
0.24496780778358762	0.6367088762563242	0.492704861241838	0.6176119283418755
0.4109464714907379	0.5183890386465967	0.20114163157390752	0.6247321048575789
0.5729104150928578	0.46085647602545426	0.1	0.6199264721947501
0.5349177905207464	0.37792292467018374	0.619195005107677	0.6079268029573249
0.504875795007321	0.34631190278390106	0.7449152547668052	0.8531485523912321
0.5661318970989555	0.49274113467272035	0.5248338365616951	0.45303029798334127
0.5464859705576979	0.2825378280181315	0.3646426245190125	0.24664545635481466
0.37772051515001576	0.8234834067515414	0.5450021395379173	0.27157692609849365
0.5215222250665706	0.2277103456624125	0.6384045627068587	0.5757054713859524
0.6643738588522409	0.5920175705280377	0.1571591300194849	0.5541229284440754
0.4178675902693473	0.41493904569221296	0.6030532920379379	0.30828758114900223
0.3854641724895864	0.36284304374021004	0.4805160594600691	0.5449462885589226
0.6431842183285255	0.7206961425653051	0.7103160683068883	0.4640427459617014
0.5460871951346178	0.1	0.6735875512395983	0.5875238846039144
0.2736261746209236	0.4327467000649916	0.43334883619788533	0.5542443572798483
0.49901234960390717	0.41609623539359847	0.7248701321541068	0.3391249837263944
0.397438293595026	0.5155653851840428	0.8328273446157504	0.30053312982840663
0.46046205140249963	0.4704618666896086	0.47665779211955595	0.527531795273796
0.38722568654229905	0.4867616158003846	0.4657667063272383	0.3300434354617184
0.5514247589188489	0.26303794384907403	0.6898872727662194	0.41982470339262234
0.7471463567951051	0.6003617746469533	0.5208928434317102	0.48267796334665103
0.332802563004986	0.7424479851931827	0.5316232539083878	0.665634133196761
0.6289466637512575	0.5759083184544713	0.48177061932394527	0.4363447695094506
0.4716389539381794	0.5939126066611556	0.6595600879948181	0.7254026074831372
0.4422098789612011	0.27369993955479155	0.6365556987040947	0.35171501453936804
0.6251707229745869	0.5181166923929686	0.6137434420668182	0.6154375816829031
0.37012409039238725	0.20948173746203536	0.43275585910438086	0.5797547143379118
0.40166714945201054	0.36150374397399326	0.40300470758733165	0.6281533522574627
0.30745862021751313	0.7304779417505762	0.6502727069944485	0.5972414636890603
0.42420821548245025	0.37070456262078555	0.5211272985760013	0.7335306440195166
0.7870814296216762	0.4868530955299626	0.6267003848900358	0.5386135793064117
0.5772151465384605	0.5395210546137703	0.16636872996341784	0.659069808051972
0.8109622292388621	0.702729174294258	0.4748529814425599	0.479485770778169
0.44815473723956045	0.3733017505685877	0.792272052825957	0.22428784534847857
0.5093343132769403	0.5123470792299278	0.5757477468797748	0.6298497926648823
0.7589914174966685	0.4980756489347584	0.35135741502554046	0.2715697515237125
0.7801884555141829	0.6056503594725738	0.6403717097504612	0.5337320318249108
0.5554971698770758	0.4209357720111068	0.2261080472459125	0.8417644871848685
0.5457630484681653	0.693088488439293	0.4695198645743908	0.5000365979586417
0.3780653931613897	0.3973429940702786	0.5417647745162218	0.5110432521428108
0.39511765686290484	0.5835374120217605	0.5472048349039886	0.38966398906827115
0.46924558207957984	0.5226132164842798	0.6596858906579017	0.44649984367013196
0.44110945671716273	0.661847507067894	0.4303569892871211	0.3363964336801736
0.7614455160060041	0.5365630303374427	0.17143982732604873	0.6314955735740002
0.39120453083628903	0.6672959227438486	0.2402724188721737	0.4580812791559836
0.6843011884344588	0.43931629729712757	0.6480536885897121	0.6658121918648547
0.45932689961451606	0.22073756923201432	0.6774421478741133	0.5614168531112044
0.5126519238918623	0.37834364351102534	0.447610199370662	0.4111072399858133
0.31439361411193145	0.5403107972841052	0.5313927281176709	0.42043174423529733
0.6669852580541122	0.4175058226345253	0.5463875458684505	0.7454772555689186
0.7452580877367715	0.6821024479564564	0.8046604681152523	0.5851222996944012
0.21627160187496253	0.7484191171309336	0.43465262845857383	0.31944862320519385
0.6553792346430722	0.391239199350599	0.5875518771451808	0.7298524617676616
0.3574683673882863	0.5876000529538873	0.45625750518835595	0.7192924945048683
0.8414788809006577	0.9087942557093971	0.7028918926969872	0.38557594658435057
0.5315585123872184	0.3107297103720497	0.1	0.2937242687364797
0.6938684854301247	0.6068696366417808	0.7091664779571594	0.46706955352763435
0.8019998323101365	0.4393474479552619	0.56496148833387	0.675667783645959
0.15913856023969208	0.6008707417822047	0.5170503227668212	0.45535840618372303
0.6258063322296017	0.3558823195670683	0.5414968914649727	0.6740306544489986
0.6891106321685059	0.4905224764125589	0.6889019347903539	0.40932006370297247
0.5025047226957107	0.46329573703165644	0.5696519403140857	0.5955971469577166
0.809654113089838	0.3056858347037136	0.5482947361867205	0.5405952068225047
0.5908456977997231	0.5514571761558031	0.5792160131095826	0.3993013573391634
0.504679569945237	0.5236224999631421	0.4765723426749417	0.6089625674640283
0.1867197233148039	0.3865665381190024	0.6196243064989633	0.5770902019607428
0.3922586801796721	0.45111456710213055	0.5683203559935821	0.7439027562947204
0.5318672706623682	0.5740314390496833	0.34461389913320417	0.3255817582501753
0.5083192088111596	0.33881997877720615	0.5964127997123293	0.5313044894235777
0.43538434973808166	0.6107260956295414	0.4500297052263604	0.22861124222464718
0.6658770160655466	0.44580187538400984	0.48817408133625034	0.21822996875182676
0.23830159963053094	0.41013354536990626	0.7182877480295896	0.2780970189771678
0.48456698038160656	0.41594513566417385	0.3978415634117564	0.2924929004147744
0.29508916618090875	0.613516657672344	0.5213375801056097	0.6045417047111885
0.48668615621042105	0.17116234157111604	0.3748686855815636	0.3518801724168904
0.16128395218687935	0.6623738020778954	0.1763520455640038	0.6151313657953443
0.15049563225893098	0.5144427123414511	0.5030330651575984	0.5841440479224527
0.6814608679251729	0.6662891026602261	0.3917517690655894	0.6756874262023111
0.5413327852288236	0.30185489664218135	0.5745673838547984	0.5282369238466533
0.5598022884036302	0.3789423022523782	0.6182786851216839	0.5276077968476541
0.4606670927213933	0.4245823489055934	0.39589185890418765	0.5096114003725299
0.3120051236095315	0.5457579959644763	0.6933845666170262	0.4587306580460567
0.6080526378633818	0.3728420242485887	0.18163063699125032	0.7186920857630854
0.29833260283074664	0.5492004636777306	0.5716886912137281	0.5112540668776793
0.30664166018757316	0.37056615235419615	0.4363786740327181	0.47950443682456184
0.24576744934426392	0.6280218053873987	0.7719928245085154	0.44144745237614774
0.20152455712354955	0.3418353047715478	0.5983741534332154	0.7982279658084572
0.591248402695151	0.46585983321049057	0.6344038125207929	0.48174900960386935
0.5043929179387349	0.5198316513294757	0.4349653658264715	0.43055355692239144
0.27928137523610774	0.5861925553431941	0.8968013207313054	0.7487678081484032
0.187936727847634	0.4118017896116163	0.5719346438015417	0.5032255309715813
0.5415447033443326	0.4762731538295281	0.5474146381637971	0.403579196125701
0.610287706735965	0.4568425741655049	0.5229126237230015	0.6188476536130804
0.5313791193672299	0.5705047429070178	0.2610018172276868	0.3981890202759835
0.29444018912089276	0.3567383891126672	0.5441598739986848	0.42397070915440155
0.26013963781708205	0.5280367726822657	0.36483769010452977	0.5476200044970172
0.6297297615955312	0.3954067504899207	0.5228313335096798	0.523022226225318
0.28879061996758026	0.6676993004025931	0.6448900680630164	0.34684810496768026
0.36434126975676456	0.4253628741316553	0.5574282012655148	0.5527132805841102
0.6910342234600516	0.3792018501059202	0.34256805635198556	0.7322071728549968
0.47915020293893795	0.4112486188404401	0.34278900285062364	0.6270173042109201
0.6740864464717462	0.5338687841435406	0.32525177392725857	0.5783006636048945
0.638893657122037	0.22684275327212505	0.5548660205691494	0.5936058417843655
0.713141005340201	0.7318584500150863	0.522320678755478	0.40925721236403345
0.19758919344510162	0.45196182583553185	0.20532534076830794	0.37894046830065475
0.565027826090045	0.63980066257691	0.750552943498531	0.2446892714248724
0.47322274564584377	0.5621308790327051	0.5690572706501207	0.5529497536353023
0.38245608183577334	0.7172192202903866	0.4988221940603159	0.4050058153815023
0.547252884751818	0.44567483072637304	0.5345575760939374	0.5256378756821147
0.43330755904417667	0.46029807833641717	0.5796518417567024	0.5673490705607108
0.6844117706988259	0.7204136697969437	0.5383089528452023	0.43728946485503234
0.517327348633784	0.132302989727896	0.373252122519351	0.4926130416092434
0.26279158704499606	0.29082523255007353	0.5756086061064387	0.4758978263730353
0.2064543676911203	0.7824906270651429	0.38336214768478705	0.5118463932425666
0.47652018078812347	0.38543700018086147	0.5325860623962564	0.35235093418169205
0.48707265295740415	0.607457815530004	0.6197242729694332	0.5535066858209688
0.5099464620233731	0.6930485855766878	0.2936700282151925	0.25326108889743904
0.6738467935639063	0.5322137931276871	0.440284521787513	0.31959872162736325
0.3959871647501311	0.5405186378086752	0.3925881967910899	0.49242843970507794
0.3897440053062555	0.31923644402295465	0.5767533013565773	0.6119971409709831
0.45444709514012305	0.3329705978975641	0.33227940278049983	0.8190762271209006
0.4099678500803541	0.5228251186238505	0.4889842903773065	0.4806071997846707
0.29493985140374634	0.5893817939475092	0.5346140436798016	0.3673793077400245
0.5197130495522075	0.5934034529694335	0.3811511672752732	0.5702626844315726
0.6691347006748595	0.3266613262301604	0.6072096905437872	0.530048975253333
0.6852174376595314	0.40510993444557136	0.6136293750230275	0.5868927722409235
0.4767693746083085	0.2000589926465246	0.3635410324656638	0.3274640104460367
0.37437698146518456	0.5709890538431843	0.5948023614706152	0.5624905292356579
0.2740752297412793	0.3984555076901099	0.45698785852516705	0.6300851957071526
0.3064343340220457	0.5237194295505563	0.12371481467711387	0.6756317501186999
0.5241293878269153	0.6305034224270802	0.8815748731363175	0.28629405094858607
0.40278728695026034	0.5480148614970355	0.27507109454800915	0.35803057849142333
0.42834614727176923	0.6101547705410032	0.5567009169195588	0.1
0.72711180677751	0.4133891944810797	0.5704526395823438	0.3300212211924327
0.5038774090893018	0.30568585330133374	0.24088652383978354	0.5780426969566855
0.6360881765687876	0.7651598921088135	0.7439887514524612	0.4031208156441133
0.3354667333404693	0.6014547430157953	0.37788514976320536	0.3771612836407323
0.4487824419797894	0.4809852199672266	0.462028925947664	0.5850974178078177
0.30015521596715733	0.2160124370234498	0.4777900466681953	0.4745137781413397
0.4125917715822532	0.36730010841386046	0.2759488148681031	0.47245274028194373
0.2218299545445503	0.6362983074653604	0.32496701441962716	0.4409647249949781
0.539978700369498	0.4860166858556356	0.5340152754914959	0.5017518229488951
0.44070964374306476	0.5392268630006881	0.707446541060275	0.5421662024671225
0.9065622134817755	0.49549436073509723	0.4935261440572716	0.5905436499845853
0.1800861046449126	0.8763448731273109	0.4593136609977138	0.527365300692624
0.5239899781311921	0.46337120456816216	0.37728603060965227	0.1972198635987899
0.9384849933313674	0.6921492002149477	0.4630130936864016	0.534230583591283
0.5205089150904585	0.3951173722865351	0.4098944469137016	0.3575054483319788
0.2816265475690381	0.46898685203706114	0.8306169788433226	0.47504981941164776
0.4736479851072269	0.36896986035511387	0.438175768254197	0.17193191209894487
0.663025479359103	0.19911892123966873	0.4148859254623838	0.34517149119415513
0.5878811864013112	0.5406954784292514	0.4487685832835205	0.5186778417793717
0.5006885842011015	0.650232433395876	0.40374020551551476	0.1516537464258949
0.39865064860780175	0.43056288159323103	0.4741444033419233	0.2972618337408589
0.6244571952741603	0.6368272532400068	0.20754198509077798	0.48692366118070307
0.2894357778620764	0.7328958904136713	0.40749366321321445	0.5313918993101174
0.563438002091897	0.6302570759025986	0.5412370350619046	0.38011665309372833
0.8142558330917844	0.4347715762254045	0.7402977818239	0.2515760653673714
0.33626866147585854	0.45442053592966664	0.436958668156366	0.20225087814680082
0.5988696758855974	0.4982862788752555	0.5280700649001138	0.5133444177191386
0.5443992391658925	0.40780513710769833	0.6843674140156116	0.5338357948284399
0.4279563069242961	0.6508214037461693	0.5012332129422903	0.3066967600525229
0.6100677779573641	1.0	0.5500011978027711	0.743769245914254
0.586811998108774	0.34304092032760414	0.5343702130018878	0.4706849056183621
0.45031290183114214	0.22258693028508925	0.7110588306094584	0.5840814333273788
0.9065297714261986	0.2181007427785337	0.5951047216342316	0.41072391441546474
0.4320240381938987	0.4914614320647342	0.3318636002358638	0.36592014676212525
0.4101474024643932	0.4972183477315143	0.6283247954593515	0.6599633612891888
0.33022910478543943	0.7121797633819904	0.7086470149206789	0.34074028715839055
0.3696472426768437	0.30808651163542566	0.7157245061465095	0.30661938908095193
0.71946682420971	0.40147434261241044	0.585340311694647	0.6358761947359909
0.5130791453912458	0.4968373077015909	0.5256182231635662	0.49750185746078013
0.33104000906323505	0.3859923005248668	0.4713559336574922	0.6032015867057746
0.44379932852627374	0.4109518268357246	0.6895274535600338	0.7359629947992086
0.32370890084165527	0.43284398650178313	0.6939179993879625	0.6274016933628516
0.3696698190935688	0.48394786566408465	0.4968591676733335	0.44072827667254644
0.48657370369517866	0.7547822611283435	0.2963018448098458	0.5682926609382044
0.7866429859378253	0.5111759700279371	0.6585746644604122	0.4257385660858249
0.7237890401360906	0.6361619171308	0.6955164071319937	0.5832875132135605
0.5055263260008255	0.7689221836193416	0.36083734519187644	0.38316921584563324
0.3942529511262349	0.48457011630582336	0.5779392251573353	0.6017730213414979
0.5221115763222732	0.5230135952576155	0.5094693540145552	0.5544758110778925
0.20860833094895448	0.41312168120616594	0.4065544907704465	0.6354044732897375
0.41670359160211423	0.2115460711742596	0.575663295073437	0.43343678726812107
0.6154155184695869	0.5501696312225287	0.3975032301226975	0.31324024524778427
0.4517903672898661	0.3825190925589068	0.4305042163357654	0.6079638761778856
0.30378678027957484	0.5562942151092961	0.4901154645879424	0.6034690575291068
0.687241767420103	0.6612468635211745	0.6916880696740326	0.6795425239653342
0.7458730669633764	0.41343320297154057	0.1	0.4318925759446633
0.6307056580346115	0.3249283472117842	0.36655620168819936	0.2763324340555635
0.7298541621025556	0.5924262514429933	0.4251622165567342	0.36992660508466446
0.7292101065191662	0.43259834205258	0.28535325646837645	0.490832285281936
0.4542438195491808	0.4025019857332803	0.7168212735321875	0.505374587736107
0.5879026642487506	0.30255891495218123	0.5503891221972121	0.5700395151759226
0.43562898912328374	0.4355822856497191	0.18360960280644445	0.670797891074561
0.49935472814554427	0.5020046388552355	0.3101437355297746	0.2357885619591144
0.6835802464969203	0.6516882381824682	0.4333610497134506	0.32667375460107584
0.26763579053508	0.5695453479122075	0.5709306532778677	0.46465811539292284
0.5560456078253249	0.3361942013657138	0.6025083745679212	0.7107875134232688
0.5149611095243534	0.4537836491938172	0.5346120397887264	0.29124917210338785
0.3148112393677226	0.5986075095849671	0.6098860224889168	0.7287629808217799
0.4106036790559493	0.47993514934359094	0.1168875271847804	0.5819031297967399
0.5388452637332969	0.5358520791284043	0.511158610097727	0.7148804586108216
0.6826517288364964	0.7146622747509719	0.6587710370375455	0.5373239607691995
0.4917979354236374	0.494666141750696	0.5171389197078964	0.7593197832930354
0.4970704041619939	0.33087257901445266	0.5613902892127907	0.5089314887380219
0.4807493174487623	0.6411080752878794	0.450359930902129	0.51471456493463
0.378656855657281	0.26991601453305475	0.4632615106141798	0.5144910018245487
0.5970613662802087	0.3239281210523034	0.7024703617147351	0.3931913774789872
0.45162634841471366	0.5898143728358708	0.45766722110350955	0.5507056788057204
0.5639032690277529	0.47910612637014716	0.6451995489108568	0.7519448302494529
0.4065475341613529	0.5000260351534626	0.3274618565409506	0.5649261406676629
0.36583822175833036	0.5875909257776863	0.6003892635647012	0.47148422190316236
0.39137396466826646	0.45882920794284543	0.3029709293220461	0.5477298393413168
0.5227567041628032	0.5706701731345611	0.4525999684578988	0.1
0.36518800298458837	0.5622925868627084	0.6427925204787042	0.2990596428744601
0.4871688282085305	0.4037421233502854	0.4899014567824111	0.434390385985599
0.6124899706022817	0.6345275287723136	0.4581300149213126	0.2393027205734511
0.9207129081932166	0.3622590439923799	0.45501159916372513	0.6646818643209436
0.6559302981999681	0.7778366216287331	0.39899803405034734	0.6967377191547075
0.41598235632073677	0.27049692295367933	0.5111159558913361	0.43277711322646045
0.47468087539852055	0.44326046748567643	0.3729464997201349	0.7089951947292429
0.5044390053960887	0.4184868040390209	0.5419511248327847	0.27866861314572877
0.5690035119013888	0.5078290972301989	0.785933771976012	0.6190628332934731
0.5125310343293936	0.6605886254024531	0.5262976466468657	0.32829692921792086
0.5979819376941239	0.3553870647684026	0.46022318922012234	0.6015104731569468
0.28652688581362096	0.8503737426546618	0.4536386827701192	0.3244252837323621
0.6226494049729885	0.5219367220107597	0.6042910895722053	0.4454011174511427
0.3707206525598684	0.6692646203107449	0.5775109528512271	0.19194703754124537
0.44009031653032427	0.6593440768253183	0.6570864015354897	0.5059509567878119
0.292130033786696	0.40092601622525353	0.43494499090455285	0.7387366470649444
0.6027287860360494	0.3924249833817923	0.599431704260103	0.1724810375691781
0.5794037765722911	0.8665078048120658	0.5148550967831564	0.5337808117169649
0.4922924147791089	0.49694665051563464	0.4333520129768573	0.5756370493466763
0.5253315062605669	0.3841320062091386	0.36224647731149245	0.3263601906419008
0.701003549574256	0.3127930969038345	0.5515710025259689	0.425772715961017
0.5241158100263028	0.17966566269144668	0.4869921116717473	0.6903098992251895
0.345862209542141	0.35277099422077884	0.36775680904715063	0.18292440191634468
0.6740292383213464	0.9196834559550586	0.5703378344701996	0.5797200700073367
0.5896891679079133	0.5903585069788506	0.5505115354404991	0.35703851526194463
0.4467277072663112	0.5834854892173492	0.28023979002233357	0.4487243401469213
0.5461773088697627	0.4203609419800969	0.3419261717765527	0.6237535903682994
0.7209960210795348	0.22454459339165334	0.3179534031875131	0.40860926009952103
0.5791826294263037	0.4456905481616008	0.5180981719482399	0.49935777164143413
0.532873573640081	0.509144817662146	0.46429808244082427	0.6333445291504651
0.6430253314800954	0.44637688029913997	0.4975823531847936	0.6589758014119595
0.400520284154705	0.6815552889035309	0.4203417618737394	0.469363799325752
0.379821010799381	0.6128454123848384	0.6687689712113343	0.7160579434731322
0.4177256952080991	0.45802174688007824	0.7089955161306585	0.4374326821678933
0.7164933488349423	0.528394491681905	0.6969713905170246	0.4895125988585533
0.5050724046077391	0.4045564583154619	0.33360309294653745	0.47241570034587793
0.5327081610940559	0.6810051524566709	0.28651415588694773	0.73812988165314
0.3607017305445194	0.4753556033616563	0.4836496963245384	0.3379880887885039
0.2068392755625854	0.32264252875102195	0.639886187032353	0.36446365554184323
0.5949008618864606	0.5267866122374373	0.572216356698466	0.3975692591470331
0.5369705767136375	0.5939550954875961	0.6634482953104524	0.4461105782812791
0.6045212982849871	0.6041343014186298	0.5726066416031788	0.5053872882697383
0.41659424542544604	0.47482975482926654	0.689992464006083	0.57791010304631
0.374842032601463	0.3499169813039139	0.546505341183724	0.6807170260654949
0.6694861673057823	0.6057504067018855	0.4704834263386671	0.5886149216816356
0.28880689299449447	0.2550668746990812	0.4109152321686115	0.528838399945146
0.6041735543197413	0.4733101706245826	0.5301956454774832	0.557651884785894
0.39332059041122225	0.5313337260216104	0.6962107473179706	0.3996586031594433
0.5653614164923156	0.5141769475834503	0.3719933498634349	0.5111355489623388
0.39491043775558965	0.5057420316617687	0.3453003903497943	0.5387401392212129
0.316776968748527	0.5709534112398905	0.5741761186481583	0.3975382217510703
0.6070533861364086	0.35896212629931024	0.4588394857422002	0.7065842037966995
0.24578433205922173	0.5771057355617356	0.3533004062471868	0.491642333705224
0.7518245504740133	0.6073902085295974	0.5139558840231271	0.5174375916824999
0.27899170544158386	0.43485289460515913	0.3821788996879814	0.8984356108504192
0.5544539982833734	0.6767949862808826	0.8152106145887286	0.3978627064384738
0.6687432904308551	0.6556497839408922	0.35205828109830706	0.589074190222743
0.2906343224023815	0.29167854966681395	0.40842907921962246	0.34556825733996105
0.5717669892994043	0.4369873144998951	0.6115223592124243	0.3616611514321352
0.460924634704182	0.6603305370626784	0.6636799746246844	0.5368958372262963
0.1863950293658551	0.5730921017854542	0.686653449160548	0.17430026902143075
0.6404430349475768	0.8020131215406827	0.6514188817963971	0.6490940351488667
0.4383702673164414	0.40509914548319714	0.6367745073222222	0.3109702967481346
0.6927077344697247	0.24257157873262125	0.14288603093238422	0.5496432685498218
0.40543547295849547	0.11471271381732889	0.5353837386230041	0.4270954096620273
0.6922409357169889	0.6943096547464046	0.40312865266028214	0.6729840222372399
0.4585083992290266	0.3161597851380109	0.5461873511547077	0.4211947862186746
0.7096188404602259	0.3789662990232881	0.6134521446262278	0.4291380547844366
0.4589656936732665	0.39696370620007204	0.398173783975037	0.4127729201918516
0.3984272861830537	0.48388833981631363	0.5326288864555312	0.671892321317354
0.7717450775927556	0.4190580908751896	0.6956610928109187	0.40803406075941795
0.5182530790008404	0.5264334244818294	0.404684973140171	0.7877975478521111
0.3699860253083955	0.6279012373515958	0.6075190172772732	0.5359991312969056
0.23605706563499973	0.3181542810184278	0.5906549489798616	0.551621488055559
0.7145302132677067	0.7041422182109276	0.7596530946149889	0.46493911244661085
0.273159959911075	0.45878947473120146	0.7936406993014551	0.47178676929721264
0.5284371667280336	0.7818772263000129	0.5684428209035185	0.5676926941890662
0.720111689388174	0.45919426708711897	0.5659842073187248	0.38813837467459666
0.4335601854890673	0.6070164343942083	0.6724607232354597	0.3239564885948182
0.6685183822251672	0.5747383511122642	0.587828787630591	0.31061804995386577
0.551644669095409	0.2660070524420057	0.5583714839516796	0.43956404955262013
0.5082451732865333	0.46647493388429534	0.3596370448227865	0.5240106514011683
0.28302106250635223	0.6572730511143926	0.6100578239088673	0.45981060932778556
0.5176280695106142	0.8253468867619427	0.46444870402652416	0.388333791009283
0.7525436149421878	0.4845713818573549	0.4133152074443338	0.5763045306703136
0.6376174992739707	0.47065992004868695	0.5513134521729315	0.7426068187942871
0.30768879754626444	0.5925783690032336	0.7239861971633706	0.40474913598956397
0.6106085236283807	0.3554550464353473	0.5344563033899498	0.6332923268140432
0.4372168711710236	0.4966329904204228	0.5310296027013461	0.4768216054322108
0.405082361560047	0.3760584229353777	0.45961340440184706	0.7048120291099966
0.41842959023927756	0.6133922310336108	0.7188732205317371	0.7303136050806178
0.6415529006847543	0.6868743628163876	0.5587536398097481	0.4380662324887378
0.6928706203311576	0.4695569006534915	0.5181236862046914	0.517247142468699
0.5827972919741252	0.6443558394439706	0.4995932253648307	0.5502752439810805
0.5613673855794911	0.45042414163544026	0.34275080810207803	0.6187711309571043
0.8728239280823189	0.5977455136273878	0.37659951245190526	0.4735417832143397
0.5196171083914779	0.43577872706753057	0.6007777158525194	0.5697382053015314
0.2865965126328186	0.41255443359728755	0.28082355011991755	0.5424986161728697
0.4767533814579064	0.5059670482015286	0.4404672171171194	0.5809519383029549
0.35150043777604656	0.32247905010601374	0.5896183367990675	0.5665898344771896
0.33673430244626634	0.7001154103301848	0.3876849842176882	0.534069533716407
0.4280728625292943	0.41654343696229007	0.6913338252528549	0.6013683028237258
0.6177222186612529	0.17264249605386578	0.34920681314654745	0.4296630395411848
0.45389084022470394	0.4792884382194594	0.4066337792168835	0.7612702590478473
0.5264392974247095	0.5355555599556665	0.416014353047591	0.45693225186852343
0.33625228199517543	0.36665181916556744	0.5044732333851499	0.4808792384311464
0.7306828769391275	0.5988351033557535	0.6116886043952083	0.38441020454176883
0.8039001922082303	0.3644856854329118	0.5443601926733163	0.5827458630383225
0.1224854729879073	0.5034096230488857	0.5857362261992921	0.3872172310278984
0.2591658430607597	0.33381130133377845	0.4512511410927235	0.28668939749022004
0.6427341636413145	0.4327699841218984	0.5251494681347075	0.5235187690520584
0.3222189340798817	0.40288841817646387	0.28881929262012734	0.6463060577545563
0.5678324260611264	0.4340169170345834	0.38299795297293004	0.3732761752094059
0.5705106313257247	0.5504278066901431	0.2500265816420773	0.48951286068275784
0.36750894029305275	0.45254678337739535	0.6471735668989559	0.40118578760326673
0.3067478606231687	0.2837024508953664	0.595601211917768	0.4638635724847718
0.7003733156165349	0.5419463300693235	0.42421954316806515	0.41825874352714476
0.37028844294933233	0.6922418409577985	0.4129332147453817	0.5055941178275819
0.3499575744035988	0.5092571558354094	0.6053352030105409	0.3287308582534709
0.6886144787312657	0.7858910348878975	0.5569664426407106	0.5149680620799356
0.36949879296929034	0.537970873656101	0.44414475691454924	0.614469049539726
0.45129242516960094	0.3391025916199499	0.46939726261852055	0.3839867210138304
0.3612938340957651	0.40954918867834267	0.5710975878515422	0.24687116917048268
0.3142849011959521	0.35485965518669926	0.4448545280287224	0.5390454510482116
0.887062793775836	0.4562858567291464	0.6362208788640693	0.5313870212204473
0.3814639340585966	0.8995287859727097	0.4538781860922412	0.5681379363783479
0.419593284680183	0.33791206267449747	0.609083197645544	0.6406702431614769
0.5999188455371949	0.47842793558824187	0.5267661070499353	0.3411684708429168
0.3978223861302907	0.5781971982299916	0.47723138048173214	0.6928381426550498
0.385972748758781	0.39482735559309834	0.4995027780935031	0.3677989994535722
0.31086009316774976	0.8546291708914407	0.6941097725679972	0.3853858756157968
0.6001392317296538	0.45426230386676447	0.7103592922113631	0.41584769963695367
0.21994234766141446	0.49027938003396543	0.6691939639349228	0.36379495455012983
0.8322410589378735	0.40313329376438145	0.5751095906165552	0.6401887377613408
0.4782992651449031	0.4708281232567805	0.5851450779904306	0.5927723281195759
0.42835234001926786	0.5103411021762517	0.5846684178204558	0.6511713467670799
0.5658691200736861	0.3426468130638808	0.43183647230605043	0.5994595889132837
0.6356747260121434	0.3302024312766087	0.6846685884130344	0.4528425626305992
0.4230109002088315	0.42567729855791303	0.6628055207252423	0.6411038795093936
0.6345782440808976	0.5059767099266623	0.5934374698283985	0.5133249440021932
0.38719158904110035	0.4792321305134357	0.3642214534644913	0.5229960946585969
0.5093670572549635	0.47486230154359244	0.36229571470957045	0.6740798349514631
0.6339636672153547	0.3866724089406409	0.5892714602492455	0.7230284898308316
0.33340519923850354	0.6403022278366896	0.5849909024049761	0.42524534891648
0.6330579054734149	0.36821196948676327	0.45927175769493245	0.6678543968473453
0.620066554990059	0.32072007523165796	0.520568485313051	0.5983492090926166
0.4637281909954706	0.375565290617679	0.2468307463623307	0.3395198950060663
0.47311483428274076	0.5959368705323352	0.5299531130627908	0.42114333815312366
0.2795578060337154	0.661462084693335	0.5919710727308608	0.5597162566738232
0.48493957158394985	0.43827256952211185	0.5187219184497938	0.32687225518075425
0.3945117326433059	0.791833050537091	0.48504143137739886	0.7960017103249424
0.23161686686777389	0.4185262081328455	0.3711206155067312	0.8125235371968897
0.4642462019863372	0.6054539102740978	0.45495726449262186	0.6155263754920066
0.6548477351174815	0.38231805949095954	0.5074567307833148	0.397212690744028
0.38068920684931634	0.4866206880127019	0.6573189899381642	0.37487478354432713
0.5524265609471426	0.36575161686168545	0.5893485614802446	0.6097347241419803
0.6509401151088906	0.5003840679499968	0.702936626486065	0.5713840544631058
0.5794363954815713	0.5034677300885679	0.5029761952731125	0.6481881694418439
0.1	0.5848057426456383	0.43086891560640644	0.5679513589837285
0.4564467787668896	0.5743359286879219	0.6557553972581303	0.6280242580973463
0.6019670117737059	0.3362284735653774	0.46642662705272675	0.5985322706197989
0.4841016503848704	0.39621230398230955	0.6168132959356633	0.5307213643077766
0.502234602179017	0.31559930803862835	0.407832890300562	0.3968431400064053
0.5478029050481088	0.4719419325889224	0.5742849284241038	0.6102987904701114
0.4877509960106848	0.5472081491574388	0.41555993990957674	0.5790015296593379
0.6868677076687899	0.5742271087711346	0.6093920538401578	0.569934861421599
0.5927982231810068	0.512741839691862	0.447113105422954	0.4980633253630379
0.5094409481697775	0.3461407482990454	0.7057401987669133	0.3740943336392295
0.46239393345080454	0.49076096701604804	0.6921671810582816	0.6433116959424353
0.7518804157911521	0.1	0.3025603665411326	0.6745140129221691
0.5000349890942142	0.504439720553355	0.7160403186699597	0.40905861894383755
0.7522165039476899	0.5677477849186873	0.18137042135193077	0.5394655079670811
0.19863541580872063	0.7562759093598537	0.46562337653496566	0.4007333188167285
0.39016039186069057	0.7479075215618034	0.45952286374348905	0.7583444563713497
0.2942278069188018	0.4221929413880266	0.7515797208650694	0.4356284210908005
0.5359672211108625	0.531329977930186	0.5742406188195031	0.6804820581012384
0.4758566724433655	0.5100342898430192	0.7198103363455267	0.24046368184554484
0.5283417794623199	0.5913548862864672	0.43039684136779255	0.33089894063664094
0.6470165114717268	0.5132834446091824	0.3214265922230554	0.33430874397843735
0.5773230290239514	0.5879063518643888	0.6970404910842917	0.5922829912359882
0.6068750666836287	0.4758844150082463	0.42695086657345305	0.2874047923441418
0.5622942070288577	0.47947765996899394	0.5305457501308263	0.2535008789534591
0.41651452376652653	0.39425625712658713	0.6202498095454083	0.4447986894024971
0.5332190657593447	0.37198004484507646	0.28638341223657604	0.5617435037752826
0.6991335914764093	0.3565527657656341	0.7599805300190746	0.5590583343910828
0.575624835219305	0.46416489755230816	0.6468824782543598	0.4660810321927366
0.5045233671734358	0.4358832418544638	0.5988984836452105	0.5743960347482315
0.5021165327716488	0.6292741208264576	0.46537976580617696	0.83635156126256
0.5695117096173696	0.55008124428727	0.7838997200248194	0.3212146254679664
0.5386300379875123	0.7230819124945509	0.43574030052575724	0.41838359009938514
0.7587860433305349	0.3792018501831814	0.4736533746757205	0.2267588678064505
0.7801934426224821	0.5419184411931407	0.3396024637926995	0.4031057275139517
0.4894108150134508	0.6907365702121684	0.5050708173181646	0.6572277057834187
0.5214675654506938	0.3988186650101815	0.43031417646562564	0.5588211301343193
0.5444972418697324	0.4918533749398448	0.2564477572107854	0.5867145793119222
0.15228407906625624	0.5722863405539884	0.6980213186263458	0.5338907973086385
0.6002145173722649	0.40417605962469444	0.15767075637297606	0.6513850063502871
0.5645289142828158	0.5078126888970459	0.5904133082499691	0.6935100924008053
0.8220649179428061	0.6267941561279912	0.5409525384573708	0.8123601677025667
0.7251889891799687	0.5341967316550116	0.5051262195666522	0.6864315591290906
0.610729777435682	0.6729644113648513	0.7254554389309963	0.7102188493832661
0.8523885218982354	0.3913699143860887	0.6050641966071909	0.5695823413393704
0.519792980367957	0.5986395255504351	0.5677439937862335	0.4689135749917408
0.684441679443174	0.6746086333688379	0.26818648977095516	0.5117451082796647
0.33840444708062106	0.6919033917234075	0.5803887031817012	0.3295431648172543
0.6218200533288798	0.7207819056779432	0.535556090791581	0.7401681675007489
0.5514829045019675	0.524511684236552	0.6150849343061098	0.5040246210845359
0.4672841511229595	0.45917619966028145	0.6482898076422149	0.4527614998193218
0.5466846887101963	0.655914365567047	0.3773185324002183	0.5547449409020229
0.49582395102198357	0.4115125966737356	0.6266249163204094	0.27913742917020845
0.5326731033833337	0.5029979499452425	0.6394249203243276	0.4340282053506028
0.3537418609024692	0.5795720597867887	0.5125058380047088	0.3280532154367559
0.38831779221773266	0.5004784543399771	0.2802673024335493	0.4233105965544722
0.5704513539000479	0.3260228663484309	0.4903041575263688	0.5203180331764103
0.6165684355018499	0.4547628664572192	0.4520053396318838	0.3978808729659297
0.6453110865991368	0.3768427287582867	0.6220912646711099	0.4707193968691033
0.6795659011509108	0.5984004632200369	0.4384660354955794	0.49728849427908334
0.41200153789662297	0.7209951713140178	0.7781055138214552	0.7159886934652075
0.5252057228413916	0.38755812850939975	0.4195768893782688	0.5639526208358034
0.37683243567579655	0.600871855996346	0.567753170522713	0.509708461014061
0.5558162569175524	0.5181653389847242	0.5280252937322559	0.42468666037462
0.27735306839050244	0.37992676338307524	0.29282731080449187	0.2875728040112676
0.618113519300526	0.47278036929755174	0.521535528954534	0.44962821669439573
0.4647380126325729	0.4159556173004481	0.4167586199246433	0.5536077226428472
0.4634229144960827	0.672264509260909	0.616040252475536	0.6642844519837994
0.5495812566693734	0.7755619863390162	0.5256399518132697	0.7383864129525031
0.40123267114760847	0.6545598506864307	0.2660862571311063	0.3779790838843291
0.5097388549029777	0.31805089637007367	0.3481883178984041	0.47034576991519433
0.5770785267460435	0.4636877019759343	0.5199247719565451	0.7872946447921145
0.691230159263252	0.6055548661930839	0.42398218282333383	0.7365170115303636
0.47919389055809375	0.6354218000190134	0.43854273630323154	0.5115041044202498
0.606326102812913	0.35919813980534315	0.2574134054925725	0.5721463561406571
0.4503835145820798	0.6114612043134207	0.28630316859319604	0.5136819597861971
0.4942690638884498	0.8851174703778104	0.5306324252449849	0.44755860851676205
0.33581050081790265	0.5549795526781208	0.6399116467472561	0.7934990172742278
0.5597195757169998	0.6283866402453073	0.35117382440382755	0.6559503192519821
0.5575532400779609	0.5464259302965224	0.2766828094791	0.525756377767071
0.41011104971424434	0.5979667483645759	0.5647657933709529	0.3593692258711293
0.380450598820027	0.7253985596635661	0.6175964482350504	0.467962412348591
0.5822616819762084	0.6684937694418174	0.5396986823358301	0.45069593128339736
0.4005691485111644	0.5109744030818519	0.4498783226879762	0.6208513668629074
0.41859818320214415	0.6531034702136242	0.5390181540930957	0.3200607285677308
0.6006310427099057	0.71396224295541	0.5611529030393296	0.5525399956830768
0.32265330870302356	0.5485763586111874	0.6369261330362646	0.4784288618043796
0.631222255287161	0.6033417320152472	0.250200466240251	0.3484457633202856
0.6801850610224771	0.5660308488045604	0.3344655196100023	0.48297969702588084
0.5079846547325747	0.6732171004719297	0.7172213759225903	0.5770482325445252
0.5507757704053245	0.630099056771686	0.3066205946734726	0.4888187661106
0.1702513390506904	0.9124490774027416	0.5055978936210609	0.4317407274651858
0.44858603682015846	0.2717336486726236	0.676338934013905	0.3620171770111925
0.5773578056885194	0.5273079568715782	0.3355734374777215	0.296366828747875
0.49778040943198604	0.49271495238708274	0.29722347027863705	0.4761365607622527
0.5664946004107986	0.22992203321092924	0.4514519585299407	0.4495629433099919
0.7629742721276909	0.3931841421958773	0.6248228805887375	0.7055066139273286
0.4502470264962282	0.5563376728164194	0.3877447032049186	0.41040362784496176
0.5114879853117663	0.37460659007007374	0.6744012726700506	0.6121415936326445
0.6033245502072853	0.40755255932548107	0.5810514661879251	0.3617430970559375
0.6818687174195683	0.36093726070934984	0.18969282256814096	0.2930629299719829
0.1	0.1	0.4382877590711075	0.6716290142622862
0.4124586217429093	0.5778952005633963	0.26587626110523044	0.3726209794515796
0.41345805511664424	0.7364896837501248	0.3723594581407013	0.48257604524686776
0.7006779342166505	0.7908783837511794	0.7265887366971421	0.688645112214017
0.6424389427094637	0.34518285170765306	0.3019864102216441	0.6162190452810254
0.5990592416003461	0.6386371236447137	0.42134560772105994	0.7119405440585472
0.33864567216978236	0.4570647434119647	0.6227465827938782	0.4718938259664019
0.5129572425927776	0.39688086222361496	0.6009682717305684	0.488623478389957
0.4761361272779527	0.6949873119452809	0.4158004200988612	0.7181245397403202
0.44043453549666456	0.44545267991706705	0.6297219993280807	0.32171501471468056
0.5633532433915208	0.5695903196564036	0.3998370228232933	0.5048077180063341
0.6174979914520972	0.6102668116465247	0.45834924932767124	0.6730473169922522
0.29075509760735296	0.8316444644252028	0.5334110484950799	0.6832338962695408
0.5354411900640134	0.5982590135191866	0.45580067791673884	0.6298170630684957
0.5774023982246177	0.524205792637328	0.313039884300079	0.4911258048256639
0.35482999173963103	0.3797051421546089	0.5139082709819559	0.3916416121430885
0.38266912019849847	0.45567508663177536	0.6140440340159878	0.4370621878121345
0.32871624567468705	0.5595651683400563	0.43352860570954327	0.6411635898214971
0.8017722244693475	0.6937412579790116	0.516631897792815	0.2608456312167483
0.7321142361952	0.3858177711522154	0.34226556424071075	0.5197242378472892
0.5310598030786478	0.7224336436235312	0.3962445640970442	0.5481562518303844
0.4669308084152139	0.39508248896857545	0.39223048436998253	0.39237090319441714
0.5892330645940729	0.45958591720508346	0.3506122604142316	0.39111319550349166
0.4817990588923211	0.3324884894059468	0.47410429433605844	0.7353790847819139
0.705092528835406	0.7201335237615779	0.7011996539831931	0.5496486985061595
0.5095888118205509	0.3277544643723882	0.2842574974637715	0.521135207913771
0.6992848242315493	0.4384074363550847	0.5507360635665808	0.5009494098644931
0.4005893748981471	0.31512980558995446	0.5435385454510868	0.7297074172520618
0.5149702452366989	0.45667372241791604	0.5227589788835519	0.4305671199455653
0.563207812178177	0.43121334524003807	0.4253062480506247	0.3987624530166023
0.38132358494931484	0.5938495366220778	0.524874465743917	0.5329038309772318
0.4615568719994417	0.38984046642785547	0.3550974845336159	0.5381845788701712
0.9447707097842719	0.5873701536769482	0.46857373370675703	0.5001294014682588
0.5194952063755439	0.44500780238532794	0.21266537313454698	0.8595200236642931
0.5096837342555252	0.6358921587741087	0.6452973027245794	0.411192125098776
0.4913203347260713	0.3767158321551469	0.6676166598657235	0.4063530050254238
0.5785599802456721	0.5173444784634097	0.47982809620166295	0.4644024839861258
0.29170268235702806	0.2312823500369391	0.399074937608857	0.4156262889601827
0.12731121175558652	0.5939504715204018	0.514097174363641	0.6980267655591851
0.705086705642483	0.41169440984387556	0.6815095519644394	0.46034385421930213
0.60972323412156	0.6681387651902423	0.32071352462249225	0.3263587794501973
0.5699985623539378	0.5334337723016501	0.43381003270449486	0.4654266521092173
0.33798667528313664	0.47306440812185546	0.36795164163934224	0.40592356209366603
0.491438012939462	0.19394309310951124	0.5642985473275258	0.5684908437618144
0.6513365652346008	0.272504632899997	0.550125658904282	0.3410191763717006
0.6254475208015773	0.43360079427304055	0.4566014767253658	0.5710795625804743
0.4427648762559306	0.5153176852650931	0.3310147243381705	0.7657045676423844
0.5649135685670801	0.38868145677427174	0.28389086984138656	0.2159194352526898
0.40129341621689935	0.604016244158928	0.5456899513796174	0.6180951973364759
0.43487582100702155	0.4446510211537427	0.49565710225603193	0.5665522766915438
0.5616789841648769	0.39680579342026234	0.8159490108216139	0.6766312845302149
0.5574764175988015	0.2752753975668848	0.602143496603212	0.3018100140374229
0.6361937495133605	0.4440701140640416	0.5031357830530989	0.1
0.6219710369761773	0.4293128780903518	0.5520881632681521	0.5048275354838055
0.5796450742613578	0.4219227180645355	0.6654848433226156	0.41920602811964186
0.8637706794139288	0.7364190705422013	0.3614780598836469	0.6347399447190878
0.5636584548627652	0.43799529530476466	0.33293618774231803	0.3766002045427788
0.2159492635337844	0.5343882760098102	0.4053874438232192	0.2762967841046181
0.5199590744264287	0.257288625586725	0.7074238557378631	0.543253109505145
0.5204601660548349	0.2813281483961769	0.1	0.5301783976469143
0.5853228260484435	0.44299571590175674	0.5061751108849759	0.7151727365489202
0.5125598795398841	0.8204837684913122	0.41775078514593816	0.5920513279476662
0.5659274880332856	0.47235105120889465	0.5720335883179666	0.5509223842984282
0.32750555159792494	0.569135304249292	0.5090907918155482	0.7530114504128592
0.21776366643521688	0.23070880577609088	0.6005852844448611	0.5203645609706484
0.4341411853614753	0.8447803816876105	0.674370647771376	0.6021389475292191
0.4293894887404654	0.6595420545308194	0.4224288788633138	0.6940873087811863
0.3059349642303935	0.4108174845113862	0.6689762320762577	0.1
0.4026625654528324	0.6459428382501855	0.51392405899556	0.3791771184482877
0.6704971613523542	0.41130022631261587	0.4537238170161104	0.7222344003906039
0.2877741574126018	0.6202329199225647	0.2579728036420027	0.5470001629884663
0.7094544240873218	0.3819755465892421	0.41942068314961545	0.35449270029946295
0.7040333295849651	0.8669989815590005	0.40568547999740867	0.6930869381989674
0.5688746007002238	0.6379797874045057	0.5453747359129443	0.6156516770343823
0.5896255282773584	0.5923992560470822	0.303220003709441	0.6698416247620218
0.5074503412579602	0.2252603418964078	0.694518031802818	0.3483086531340257
0.43615186440944964	0.4463050875208693	0.34901345852634086	0.6105228887902051
0.4320182765289021	0.4482907389372139	0.16134955025185116	0.5029897867445863
0.4322395469336934	0.623603241411125	0.5656279990949649	0.22569759134870465
0.6353407731887115	0.27550004042027265	0.46433541111127946	0.4071418113879548
0.4039999895244254	0.47695205892026543	0.3950839311802856	0.555503635878604
0.4162345756636776	0.49417004621244914	0.5012708403235666	0.5522037928916835
0.5739050303428914	0.37177339629966805	0.4908788639898143	0.614834669351618
0.4318447118728972	0.578565877124277	0.2208805812219275	0.5095264730715935
0.5728319802875794	0.5353004179454909	0.3570033420746187	0.612498647562439
0.4423817333578806	0.6761006773032331	0.4105513712960308	0.4768101681771371
0.6386379800174121	0.693974286553027	0.36562301587323953	0.33995593279781133
0.2837660536676356	0.6774850375742982	0.2295276432962819	0.18308496804618163
0.6499819475152402	0.29490736446776566	0.4845025676936843	0.3252000265510736
0.3570131609059143	0.43818658275112626	0.4326846667603712	0.26442225594803725
0.43369181833436843	0.5035545644204487	0.4177407747073462	0.659632194404598
0.3991005763180857	0.21530318620509847	0.5352122395877243	0.7871288549273767
0.3570590319960232	0.4683155274062569	0.4377590224867297	0.7289682934439016
0.6512099004740233	0.7714862719172493	0.5123943145043376	0.32149913375718875
0.3877675988089446	0.8499312330886821	0.7663061350845857	0.6924125682572652
0.44388873795815714	0.7001357187694311	0.3101189474996661	0.4693362145921762
0.6183640238486173	0.7734500357256894	0.44262279218139944	0.7702927276465417
0.49598718328312935	0.6805560700386599	0.36214654734946394	0.8464047748929096
0.4067937101106581	0.4939611403891205	0.5186369945826282	0.4823987204253919
0.5774898450448904	0.5006378290817329	0.6493333001954076	0.4685092998881071
0.7330871251602895	0.2874132823216551	0.43828957533959917	0.6478839342969125
0.34778757630511736	0.6073358957692998	0.39779969989116676	0.5179794776103308
0.5616506542493518	0.443951244918699	0.43395208712638467	0.6479889983337008
0.6936047640179367	0.5977238938419877	0.47973549704496277	0.4502245618366951
0.4799440331454428	0.5984020780301998	0.6308537010783161	0.6349490427020905
0.23868725849543593	0.4976660806359611	0.5675064407881474	0.31194256162409484
0.5719203662791198	0.6311265746338801	0.4511183267455746	0.5128651879193261
0.579878882304012	0.6694613882323053	0.48870654384419127	0.5342841343895802
0.560899743706009	0.5887441041606725	0.5820080920337687	0.6587743795629405
0.29289231629451884	0.5842401431084362	0.5342270154303035	0.20822037524446302
0.4204284129064443	0.5228452232642625	0.43113366597760966	0.4749609298267837
0.2382689237902343	0.3623197482339914	0.8876146136577906	0.7388179864779423
0.6428503847352978	0.33723006115805465	0.49581436567620346	0.5290369692234933
0.39955778654320284	0.6780836797183605	0.5749501375136703	0.41706904175723053
0.5238251525914539	0.569310617130605	0.5061287963011897	0.22607583997256875
0.5226118885816908	0.6332189828242278	0.45325584267179814	0.4832251839339186
0.48012220651761967	0.2711161842511366	0.5367544564661537	0.39664258958125165
0.6318777313676406	0.49515134681550593	0.5776120077746423	0.5773135837583754
0.7147612156973339	0.6273811529207419	0.597103519523326	0.5595917884843877
0.5682649744669284	0.21117495039005663	0.3374655758263689	0.7276469088265501
0.4830379816530206	0.44176557337587535	0.6957427969187899	0.481901289121445
0.4661346772179959	0.3067059677112093	0.15248916130096196	0.6106029548262779
0.2328166923218397	0.5461689627330307	0.44919237144501284	0.4843644121663045
0.6584889889577232	0.5646306076996319	0.4478992017165979	0.3034148456309257
0.3711675630499608	0.7016029007858369	0.17021654572800154	0.29097068081107813
0.6689530901438007	0.46364119772196544	0.43870330237647437	0.3689851618344424
0.6136515315887097	0.3692367240486134	0.5401056960880444	0.5382069622341484
0.5634769339288538	0.27750261870590764	0.23944041241989455	0.6466692503467967
0.5148954051528196	0.6004728688838531	0.6261185452683892	0.43330722895717827
0.5190140319800973	0.46432162166648516	0.4733875264399528	0.6037058511268516
0.588535283730713	0.49297111856018805	0.6278970942549249	0.35037442660828644
0.16919606046553104	0.5372531308987102	0.3377088027629783	0.31797200234612766
0.4060500174132274	0.8441802181457079	0.41235901161847033	0.5346911754394197
0.5615889788147952	0.5553215925714095	0.35980496122271827	0.4211372030440218
0.3248396449269704	0.48755575582883215	0.5052585920043589	0.41928584908271005
0.247109148151601	0.3309170919427144	0.19626620046690302	0.4933729858598819
0.7821921032640407	0.37473343193803976	0.7219777410111414	0.43312845200807404
0.5000705877052173	0.7121861574474994	0.5808294576388708	0.3651391802562156
0.32504080786140127	0.5121958168575971	0.719521886579252	0.6087289937835656
0.5128630331437646	0.42152124358454124	0.5036506726938244	0.5111097497413454
0.24972055758762235	0.3723213376624408	0.31573527216296904	0.5751120894343458
0.5330863273998602	0.4563709350200707	0.31543569853910863	0.3797562370299822
0.6580310877543627	0.731030076966249	0.699164108119345	0.4645578183194408
0.5978808964757558	0.6612103107030479	0.5863385135615957	0.44453667959083615
0.43425544517039655	0.4038753112977864	0.7991453257225376	0.33381295441791514
0.4497036341260548	0.39269506633627005	0.32209342938826757	0.4567430065451901
0.5642912692925315	0.6476015797812666	0.5210520941753121	0.4039672115078635
0.43459500349263996	0.49681723546886813	0.419933416036598	0.340689100474864
0.42808776907322327	0.6625567086324354	0.2156501904240436	0.5064895895809974
0.548665239424096	0.6799628643080158	0.48911498689323507	0.4871222541814539
0.4937017001087006	0.5251233487072384	0.5438634705164395	0.4373338319428879
0.6773444345985092	0.4605659032905484	0.5270846426152475	0.4764266027979577
0.6029825111407622	0.49754054343323334	0.6029124319472567	0.6146579779568144
0.6924532909719651	0.732463645186253	0.45405414706541103	0.49816666767888096
0.7210055848290766	0.47431362614165595	0.7719192233376067	0.3845780270032778
0.49585250374117806	0.3101032668153636	0.5063216275710695	0.6963231306250796
0.628793870129965	0.31512036777636254	0.5629103273607181	0.8990711142751355
0.6253849571020201	0.6598842508447419	0.5706927397792119	0.5989092500841887
0.7885757914571183	0.4129766608433258	0.4181690773838196	0.45262655874471586
0.27891745537718793	0.3591210173712206	0.41246483340487256	0.4362251354788406
0.40938980218358784	0.11607730073989797	0.36987163778488863	0.5723880563791989
0.2627883142872845	0.6154352516432726	0.5191581438616835	0.3194618784993737
0.31052138635030646	0.2814733985205335	0.28967406368178816	0.38626607054800044
0.2707557297666517	0.4855939190050668	0.45800655465491297	0.3699639918851273
0.40973321945406915	0.5615795763502732	0.31719072814458	0.4491006192849377
0.471995728019506	0.708622909221706	0.41542032560622516	0.5245411382620375
0.48691030554989967	0.7452890359031403	0.526712710389554	0.4925824178822946
0.48503626161556895	0.34623448952117364	0.3664443584350774	0.40356660270358685
0.6867537890540303	0.38404528010662964	0.783256861832125	0.4407847838814399
0.7552278702506112	0.539398347571237	0.43646419403337877	0.47056846616521253
0.3901914828094081	0.3956752748764152	0.4085990044398171	0.6489772037460608
0.5224436259934216	0.5296615894291032	0.3597462399384461	0.2961237182937664
0.5494460943938836	0.45982605880024924	0.1875972253898417	0.7327542871073348
0.34159141744814076	0.5720721156668991	0.4676623309085791	0.5176495275702551
0.6139376537477361	0.38600104608546326	0.6929073928631785	0.4717163121535133
0.47435181298150386	0.6208262312373574	0.4968068061470918	0.6396017440852935
0.6312386530157638	0.29846205296096195	0.3561787924611848	0.5644761166420316
0.4466033088071725	0.465887131238929	0.22765639319953984	0.6442715365698556
0.4190303538355545	0.368118659335184	0.35061019460588644	0.3349390282319461
0.4277228424448164	0.5270653045605772	0.4701776651896205	0.6857794797364657
0.8265191533996898	0.7816742909548554	0.7267020647722577	0.8286099654318804
0.4475138307486642	0.2719768354485309	0.29944894983117515	0.4505419327566845
0.330650262559979	0.6754542715334182	0.7427337338843045	0.4272373777684182
0.12120789991127878	0.25996223755056136	0.659439237142474	0.3887213504470556
0.7252393930546799	0.4980203146603959	0.4131679095959129	0.4345317903714556
0.6054265453673312	0.4751541221726715	0.4568072498825617	0.2864552233548643
0.4112144355112596	0.5330486016127662	0.6355572906992615	0.28622719846702105
0.531494883033637	0.5056045938162036	0.718551286522782	0.6522509782112199
0.5889770285267381	0.4933334453901792	0.6351955542949246	0.4150645222033103
0.2280042767005956	0.12764284885940985	0.39326451174762544	0.5370113198222516
0.5471278607457782	0.5527217788176959	0.4240188338418232	0.43295303541353747
0.47858860701642436	0.349781808327822	0.4478843629324485	0.5313002609480078
0.5199772217998323	0.6561548400298328	0.495561248724762	0.5003716582897215
0.6498180860729537	0.47981203794486565	0.4904920681267343	0.6080312748466303
0.4586681109127605	0.28393265545749446	0.5424787334370494	0.6205470416227731
0.4682115489905829	0.507736106718009	0.48746012390167914	0.47383718756734533
0.8192697428169231	0.23391184891001005	0.49077982495114775	0.5748279547505796
0.46568714125858385	0.5187244435921908	0.5832434165340947	0.44983237264650383
0.7474099229480898	0.6359845585943185	0.4384046873660287	0.3665174970352779
0.40825043722246845	0.6315232427180351	0.1	0.8207213853580124
0.3267654322714746	0.6002333380665378	0.5693953384403513	0.5575030627985675
0.381579275435217	0.5694974625089022	0.6505315545480221	0.3653874866220741
0.6369948505213995	0.5620269928043915	0.4879300100708791	0.5804596115717643
0.5025876033301919	0.5642397352135404	0.47413530014152755	0.2886633577840137
0.4300328303684374	0.515392389043674	0.4429943943240855	0.7760792775205463
0.46875286587452164	0.5500682578915028	0.22583846671619778	0.29059399938695907
0.47404707028242016	0.7217208855931514	0.21991091930029083	0.7316737273633446
0.5342417430477412	0.5159885719822083	0.18812395181629937	0.5534423890297404
0.6167842963378924	0.23636099135754585	0.3764832176538977	0.48347204129201904
0.7306036522993933	0.6340125378579018	0.4690027413749565	0.8569712309901929
0.4296037312213136	0.5113397841882475	0.5390053717783743	0.4223446497378269
0.6183166764748218	0.5204051304145147	0.38994634503815717	0.4258819059171661
0.4163213874696497	0.5919764457714507	0.47015560800760076	0.8434997046403958
0.42890572308359387	0.45470169902987134	0.4071140861622005	0.39842487427949064
0.5122584081872402	0.7590130476767527	0.6839278942356027	0.612647997713324
0.6961424872433675	0.4290910111931898	0.4984002837049662	0.3333954075359289
0.576439102546324	0.6503209597223847	0.5680710748791772	0.5049314088107004
0.44539376923463153	0.36985367441184036	0.4443397791268041	0.5817872758837193
0.5895721436532709	0.2783766686133545	0.38768432202861525	0.4421397078200538
0.5780255061027744	0.3444327339515779	0.7768370689038455	0.49206941070180465
0.553616747390817	0.677092266416242	0.5163846923013762	0.49943048919113775
0.5656725211193026	0.605802056542882	0.3532651743294426	0.49863009392897273
0.5373921167065084	0.467691490873592	0.4476864313221078	0.7705043065758017
0.4803406087935173	0.3512321772749297	0.540171996684771	0.6301146671439721
0.5833407813718605	0.5714891043674819	0.6648503919513824	0.6602711771844626
0.4306045335699634	0.2904432408089713	0.7527619474342973	0.3195709795518302
0.5935308275399802	0.14589511114109327	0.6605295176893957	0.5253034840464488
0.3583738887111705	0.2930081960273286	0.33817868908286436	0.6081474696761758
