0.9270349489047421	0.616673864657439	0.6896089079601271	0.5667828438351933
0.372328918396602	0.1967613285121641	0.9714702730172075	0.7003731293266168
0.2710862492206481	0.9885825050150726	0.6923498179563926	0.9709344611593747
0.5975398533550172	0.5483441669838444	0.8936374415554943	0.7007119937595871
0.9158622751778369	0.7172996316837601	0.7822061374087748	0.08739860849029084
0.8003057241760063	0.1486230149684602	0.5853834282878394	0.24301904391329998
0.3905379104683335	0.09431048674181702	0.09717455440610274	0.9371305486156647
0.26530647920796635	0.08562342807699047	0.34099585090011286	0.48193269958907803
0.6066589571710206	0.2959170704498715	0.8242127606364656	0.7129370564105016
0.4304817673861073	0.8021884196897898	0.3210207905666245	0.20047673231323648
0.25995381648619703	0.8179416303539161	0.19657963571117493	0.5729393481267178
0.8503778538254075	0.4507142571756016	0.994640598877722	0.6761568585290497
0.5159192351947548	0.5147781588633156	0.8000331831353216	0.953915696516588
0.6158965034415858	0.4512868251496759	0.7954641595804393	0.6352404839286482
0.6042890625379999	0.761037996796031	0.21942892715222545	0.39207730522188183
0.8451219130837185	0.21398917879182955	0.9711083555363023	0.13140725036185255
0.9410574610638592	0.2854005725848575	0.3718536421138036	0.7681213865312286
0.5822734370636384	0.5516682426696852	0.3324683375650349	0.8536994238848361
0.2534965046832812	0.5719413797744162	0.6590176714278357	0.6102302810821337
0.7391135337849859	0.6661911355635064	0.9964825366738431	0.3018579456128527
0.7539947234421497	0.6432124126239481	0.23134802571368113	0.701147525326871
0.8082175726016362	0.9268786748455876	0.13034574337889437	0.5987312929289462
0.8581398595326234	0.8531351095133834	0.626961315015616	0.26526251569040554
0.49743333862983397	0.88378947319957	0.2948930295990228	0.21810383565999292
0.14249275451749244	0.2117963365910872	0.3181667879731608	0.7674929788156395
0.22729754140127978	0.833557765527937	0.830198163830443	0.2812287648130389
0.399441382589798	0.39850364378849057	0.18461263544641626	0.9187040844513465
0.09991263115467688	0.8090948044346239	0.34654042335608937	0.17854067021183523
0.5696554355084017	0.8661706496008187	0.19772655393831184	0.0944552508818422
0.1843283601247258	0.7718443704852955	0.3911992736445355	0.43780100967451596
0.2765914375906654	0.9991205770594551	0.9542719579677033	0.9755095507333318
0.2733636407899077	0.5212818699666922	0.6446954574267465	0.24774634138048268
0.4540748292948285	0.8441718503013792	0.671253671417584	0.8344977242636779
0.441991567656979	0.9312448246550883	0.6144182633742723	0.0895549466702049
0.974680908652498	0.48765332465521494	0.5370549860489588	0.16307090922668102
0.9221778641019123	0.24428995238516654	0.7926976746093285	0.061556156074982805
0.6338876460009715	0.72404134973328	0.6323976664598728	0.5217355691135322
0.8466369239955865	0.6588884471974816	0.5015304201915677	0.877721734939463
0.11647277532409826	0.9645994358232247	0.29600615627635085	0.7400192042894386
0.7927222769047321	0.3188617564484038	0.9142256744095718	0.3953087315630453
0.20076133472718083	0.701656455407481	0.9980914027593605	0.6428199977072098
0.38399422267592875	0.28098261384964524	0.8086530218481071	0.8580215008521035
0.2808984392520017	0.7826850394683181	0.6552113829628886	0.6738430580037986
0.38111931743439614	0.29258915712187994	0.8122878694663873	0.8839429498265016
0.4837618215185571	0.9330687732988153	0.43651933791730496	0.6154598510898499
0.40169557010431806	0.535161407187893	0.3013628872190672	0.9964215464086665
0.8349814557638202	0.7216410098265233	0.38100653063831835	0.5780261809975756
0.18400121416205473	0.8464502040035643	0.5505180390321387	0.8679415443642621
0.06003191828309941	0.1341563847201509	0.48832402130846847	0.7031708743772198
0.8586388386899958	0.16445290031206022	0.18098170529907703	0.12858733398677794
0.9326496701499852	0.5747985168992966	0.5242287313769532	0.48451638010037135
0.6496185654748251	0.2062522454322328	0.7841918704719907	0.71921539051392
0.5595832289091802	0.18446362146122908	0.42120226675825223	0.8755061256055289
0.39290527509511175	0.8380683450854667	0.8792410009246518	0.8976743354207598
0.9682497904524636	0.3829230903008067	0.14531249616027034	0.5128715848110591
0.6957582595627559	0.5573848991975662	0.4878171175898161	0.7044662029509106
0.7805693586377416	0.10260148312173174	0.6997345738700672	0.8120054849254325
0.25616457178657637	0.6523455065180075	0.3371608119774664	0.6477406751543471
0.4900595708128719	0.6045091681164476	0.9639833790368578	0.4877438261377341
0.3629067066109635	0.061113429617742535	0.9602772203380484	0.22439886147733973
0.19211283986419714	0.8538101312751332	0.28159765791850694	0.06012747468442427
0.7117715544565472	0.7137177598469701	0.09185301830157797	0.5187166208539022
0.30710869515653855	0.6014491664551136	0.5302801978698044	0.23013150861569148
0.18796446419674362	0.18747454670153474	0.13426374198926375	0.5532225707345635
0.08592216913312853	0.3902806789838413	0.4601521580111085	0.1449017406580822
0.16253378374711142	0.6601129203198722	0.4086558353404089	0.5888806406804186
0.5389459079890255	0.14623887848287603	0.4253198145038839	0.9904372474317985
0.47083508061217666	0.07209557352470042	0.7438853302278954	0.49223006094962096
0.7494617143111717	0.5316877115013677	0.7803790065540023	0.5182503666833576
0.22381819857154456	0.8444647248936652	0.30362023679230515	0.6551139192467251
0.7626758026510101	0.11377841835275637	0.8575465265891571	0.3633191437052287
0.9932117561801219	0.7820149028788276	0.8811192973963584	0.6750275230966759
0.9523944379838072	0.8382966479853541	0.9504756345441122	0.310274427642029
0.16099002085287106	0.9099234352132747	0.1825804484593826	0.5685449656215104
0.3325394991849882	0.5292530603424631	0.46321533636221296	0.5459653330675538
0.8596324849829022	0.39717270658306925	0.21657237167823407	0.1777018238276052
0.4589959717463841	0.4969172374912038	0.41282679104852915	0.9908794967830894
0.7386973465062795	0.1638122859692299	0.1190038574768243	0.33049618965301875
0.8694960084941927	0.4262861993103577	0.4022773479153427	0.9617178401094625
0.4484379581800643	0.292863652019094	0.21165972308266978	0.8054658709774896
0.4286985265367479	0.08272359163925996	0.3709747335700037	0.6518727897894586
0.34773573195509927	0.2893870507079197	0.7585274584201844	0.9498648698495278
0.23308945294928796	0.5766439513232423	0.6453787805667687	0.4340189050991693
0.31379043171581184	0.49859214948660313	0.06869915815316115	0.9911340754437795
0.612832575447961	0.9228211972571803	0.33829613471727427	0.27546589608399596
0.6485145913724978	0.368916230924856	0.7099401336895587	0.6673394547217573
0.21724271787635813	0.2968190310566876	0.12407070068969134	0.19904813887354778
0.5605512144769063	0.6753608259648082	0.8665535163646325	0.7928858408388746
0.3001544053882931	0.9051101101124135	0.8995175725538831	0.9777658152456837
0.8074965396771552	0.30696054079371465	0.5275439445671479	0.7782529022437014
0.40705198393065517	0.6945986544167556	0.7268385396493559	0.32880029431748736
0.7748793771027297	0.856072599344729	0.4526184533532445	0.34509456852446757
0.7621669737619422	0.1936506675146613	0.7416566323234697	0.5187049462503214
0.38196491115944553	0.382118608840104	0.4584029039902022	0.654160113996403
0.7119972590582887	0.21512271035723013	0.6983073008279302	0.7580106167175216
0.1552153066398082	0.29497175492522715	0.8678881758810356	0.6189776053179079
0.31872203329372506	0.6389230228001639	0.9248673873598425	0.727889624129634
0.527417820635162	0.395422255664631	0.9450002889753593	0.1939499448697553
0.6034935032448874	0.9288330671855801	0.353156124502689	0.8898710543459266
0.06389060152217782	0.47317482269188804	0.5173202854907594	0.7207882574085652
0.4564980283052647	0.7267264396844773	0.20120296100109053	0.11886870681837977
0.5950796967117569	0.5189080522761085	0.7853829460394154	0.7578870103434571
0.9936645667909725	0.7431146150996888	0.9246932758851595	0.4520281755483399
0.9448634766033812	0.48992166676644133	0.3866748587043429	0.23486063429095155
0.8887995469402403	0.28429371926133984	0.382801855825371	0.5865221258632055
0.37840513779554796	0.6974065891225343	0.08134155636524655	0.07560596719384113
0.7635923836619575	0.28201030154763845	0.7696412994735267	0.10073338001850765
0.26770337096261343	0.38399875661986976	0.43413759360470183	0.7813692275067452
0.29439164292414877	0.6401435937636601	0.6022813271398726	0.08758171406781694
0.9473072249614453	0.4411275558906205	0.3249644564067864	0.3888123662529157
0.5705930800208145	0.3911122333575162	0.5899954574529561	0.8005187765610418
0.5377340573189965	0.36994916589298465	0.22456744874901735	0.12771933624813758
0.6895650480207088	0.4032802422322875	0.9985847632969417	0.7009868489052088
0.43053144551589523	0.5808260650950013	0.21553336528321443	0.8326147180911381
0.6016423745283908	0.7904424193414652	0.20001707351916864	0.9311105550845885
0.9130470404331928	0.3358058411932768	0.8849469304112915	0.8099983280771592
0.05280480190932732	0.27970891683297333	0.9455144886599794	0.22726094059279572
0.4009506638295128	0.7941016561113925	0.09737372895534165	0.6854190846066961
0.6835465338503104	0.6719197754624558	0.5442971767010286	0.28964438937703063
0.6026931200380076	0.38767025537205463	0.17367344578568025	0.6112614130745264
0.41117351598987706	0.9654422331796327	0.597624782403615	0.9749669061887936
0.3398043182151413	0.6511249698358306	0.8215895956466505	0.9223892061279725
0.5111087843137867	0.9477120238867782	0.10483851861822252	0.9333894584653696
0.8911255923014103	0.43933570969971125	0.9262439373189008	0.21508909787145486
0.0829184319773398	0.731706795282854	0.4127591905499493	0.1803571226038882
0.11082103891801337	0.4227132138425735	0.5838160098252475	0.4907673335868426
0.33875210579174747	0.4876534609133039	0.521028247299362	0.44767101172089135
0.3681014923280582	0.15183001254861558	0.941994105610295	0.43372406808418046
0.14469477667616693	0.7154504019844626	0.5177319528364721	0.2916022870293852
0.25045996463120823	0.07789831567822081	0.158354147227094	0.45741583573090455
0.09646940852307395	0.6160336595061927	0.373763726484981	0.3088858765332191
0.5707037364503033	0.4223513290232138	0.27392781363871566	0.05772740229070852
0.45841495630915563	0.5702194534680884	0.07422087201956312	0.14891733430759416
0.7485845981173257	0.24814301978751147	0.2208642652096217	0.5922677421047692
0.4322522064231404	0.38031531190699946	0.9763373419035749	0.6463716142023516
0.49999051074431633	0.4504092298333733	0.17329176545779573	0.7542122784282156
0.5694021523918704	0.6735128194075635	0.3796443161704556	0.17313576322717084
0.4119401503664625	0.9672428736521546	0.918843769881829	0.5068156586490011
0.4946432563987067	0.18093635547241949	0.6898402895169041	0.434992209549543
0.7334468524933984	0.3971591754759954	0.4188128695190807	0.8493421470702802
0.8117085226014741	0.43651569168764204	0.6354142473745354	0.8406412999552908
0.37429892236063456	0.47477510938367506	0.43226817093957814	0.4751591147722377
0.16544934209963968	0.16827731375490768	0.5322154886095013	0.9118964854222634
0.29229373389889757	0.9425330900963866	0.5807785818009844	0.6465923306612423
0.22937503821320043	0.6823368896962985	0.9152925425553281	0.2981775581577755
0.96828366742984	0.24044560550221122	0.2746769998223193	0.7988787504371145
0.051440450615625966	0.16098421124179357	0.643849048397122	0.12355363821671667
0.11482985412067617	0.6050620241769064	0.41248125420661175	0.5153060091350011
0.20428439397396603	0.33084610424504324	0.5341562709215153	0.744229872502561
0.09452473509657097	0.6990312698193629	0.793483385793895	0.6930257149625575
0.6650471488371021	0.17044180878574183	0.6941883806200487	0.8462377307124836
0.7021626966212734	0.32165750578373553	0.3999945676387284	0.10369760225513502
0.4803359872971522	0.5094776814551707	0.9498400768463138	0.6101614025286707
0.5664223781986224	0.29710871719213305	0.4846440531519465	0.6870582439551662
0.824802632083644	0.8927653114756702	0.3432774546325177	0.842774062332167
0.436070159536519	0.15383356360641243	0.6462857256332905	0.3637182292297774
0.951039502794665	0.8405262785647948	0.8976670974298768	0.9548817905031812
0.21398945456769364	0.5121747892668563	0.6524198675861099	0.8544924318386836
0.2423182548629073	0.930918698974533	0.3392291840580565	0.4159739159414778
0.7822494475913039	0.5776458531453832	0.7745000062966655	0.7874223702860011
0.36024593472527244	0.3913743749169713	0.21007583951261238	0.7728945277468188
0.87953688737408	0.46532198951756804	0.20476428145167008	0.3692908198646247
0.5303190090921014	0.9725440979115175	0.07070382455988426	0.9750620827489198
0.9665784238995181	0.09027722312954055	0.3032919566990072	0.055879031613421885
0.1296775987896905	0.9550255167185515	0.9569522914854471	0.20378812153761566
0.9590359324259463	0.47254237247640035	0.6821292256439035	0.43122625276210297
0.3487228891317123	0.7868841415431088	0.452206678839851	0.49553554344815803
0.2661179070470603	0.1665904067720911	0.1606275600081875	0.3464431904138303
0.5568734353310231	0.1898886644794408	0.5813920260211521	0.9739793522380317
0.5613543001433654	0.8949016837675889	0.1867161526561763	0.1515867463930608
0.8700401423432191	0.7133009600055267	0.07789860523355499	0.25806219964887683
0.47296815439402823	0.3245456719434813	0.15720365775430611	0.20001030927733027
0.48699078643036064	0.9805322023561452	0.23130224694210733	0.6876075805672536
0.16689804046999884	0.07115893490681513	0.3785552339293694	0.06063265526592436
0.5042235886367149	0.993313189108079	0.8542828094449262	0.7426947636266952
0.9421955514786069	0.34534615271345	0.36865131330821144	0.3634056834923736
0.3454025197126658	0.5110538131578252	0.5997392397735822	0.20729810898645035
0.7283365474913919	0.7864062539151602	0.4241846602589184	0.3711602092659853
0.5710576757245123	0.26771432646120036	0.9628330753255135	0.9371973356637774
0.6216681786807848	0.8454082611644627	0.13078245266974306	0.06040948370471382
0.6885876705673113	0.1818201049341856	0.7360536254843073	0.2844820702542346
0.5185199248236998	0.3707221350477893	0.709398363303425	0.292331993766612
0.4946025831576876	0.7856305409642338	0.5663553296839681	0.22451756770127024
0.8188610180395777	0.23684031915227843	0.923821641994239	0.9866784895841918
0.5478354169662153	0.16434507850908386	0.7409924028989062	0.18313662734849695
0.4564643827056853	0.19125300212625845	0.1620936592368426	0.7322671149357179
0.5926032584318791	0.9090737663206944	0.6219043993841634	0.7269415325204993
0.7522309133982914	0.18824159467951146	0.6879626068644886	0.9383623386250028
0.49626569502475815	0.5903993028883918	0.4178281039686978	0.21230893270587464
0.07188044854243458	0.14822879311496612	0.15316636775677644	0.4580605130433843
0.06946542316634607	0.9165873337570134	0.7424580132511112	0.5420205249747687
0.8675929164901374	0.3743928581624615	0.22887872605595022	0.43308715514085516
0.869026820527682	0.5570519742580005	0.7770267376687959	0.37788120945799647
0.9482697524040717	0.07084703696116743	0.3848704890166607	0.9303815656351887
0.1251054171201509	0.533692031452613	0.600146119478999	0.2312082702414181
0.8934776200758386	0.17906812104766412	0.8339171888105498	0.963058787001488
0.15991396164190746	0.37633342985123047	0.3364684391883089	0.7846651293904789
0.4950504363886542	0.32975444908259877	0.9344996544684633	0.5194945573568585
0.2989075144756448	0.5015366694717976	0.7016454155117289	0.22156614041441308
0.9761414869286376	0.4605494295746148	0.562059471225517	0.9351723796430313
0.6415910108689963	0.5312320120255694	0.5569780333189174	0.8200296150927671
0.847345191996789	0.9843319807649051	0.620305746352849	0.5756030789308857
0.8698936377493852	0.6037518372648992	0.7607944235191516	0.7706598466572042
0.9932725116689484	0.8817247483625583	0.4687187005547708	0.5581193199390746
0.5178071447805247	0.22674665968916452	0.9561605854552881	0.6619089070292036
0.28345375649623045	0.3364729336605809	0.08787777188410506	0.9543749047417243
0.05089473324555078	0.5957451000677305	0.6334655354927935	0.24733770659045007
0.06552688979202048	0.38145329171244846	0.571848022856731	0.09107094411854902
0.7312344361795554	0.8309941473830885	0.6555728360427606	0.9314408251908496
0.5886456064389964	0.39060989591128825	0.15993080467383503	0.4860686065158969
0.8710609693233661	0.19718490005753392	0.49605288642596324	0.22273494727511706
0.41299071902951423	0.5913707208185895	0.9830110380297626	0.21003433063152366
0.5665266208905919	0.4813284379945127	0.2632580441091739	0.4167682978006876
0.4168492827815908	0.10497208784728303	0.6144517980354035	0.46154074053154603
0.35559918088173414	0.45030936801385046	0.8428886135118965	0.720224762472836
0.2516580384003014	0.9427935709227501	0.2800737132465172	0.7847661873338135
0.2526470228598904	0.6671417781020804	0.8421388956480788	0.29644724822603424
0.14611665061068435	0.8232079640411475	0.8679492333840977	0.6539462832842005
0.06939178109692071	0.35197996829511285	0.5196264884329238	0.7052958191255218
0.31954234779048624	0.37044041086261975	0.7177804199719731	0.7371821679745824
0.39650163539758	0.7126568065654846	0.39104604857583825	0.4007054046483392
0.05733343085927381	0.6041250317398851	0.35730683099187444	0.6290709959406778
0.35225586259491165	0.5489392631734825	0.4319830906559765	0.8194152108552585
0.8748268321401165	0.8088722678476176	0.9136313141700991	0.675933599587759
0.22220830348694603	0.4513166688637092	0.9354646409448517	0.49782849389737227
0.24296312725642732	0.34756040162416435	0.8521828317453157	0.7100378920011353
0.8732547182368096	0.18570063979183676	0.9064709551549377	0.4499255541123949
0.9708014611999441	0.9938321887912075	0.22168176528889072	0.14138167116418515
0.20998971656304138	0.43756521473362875	0.7361174347590087	0.8620024639343459
0.6536769115993951	0.24578317480357098	0.8962305213039203	0.5241219398754742
0.050712885376411956	0.4936790792254608	0.9360713433944438	0.3354748866357294
0.46040201456964275	0.07875784770386905	0.7265068673232273	0.9071197154467657
0.20079854917713336	0.4137239154959227	0.28005201461444046	0.14901812152388413
0.3056305091050998	0.35679880992517654	0.13919090328927064	0.690574191236925
0.529747116090475	0.07679714920238871	0.23164142440217794	0.7345167632052025
0.2335505450265366	0.35262238056858203	0.9495233828910195	0.21229392844205164
0.20827346672212677	0.9205672472346662	0.8604194061396417	0.5716292332553078
0.8836611326107229	0.5145560205137986	0.29452128029360136	0.9283687963849085
0.5842735954759972	0.6609137216263496	0.48648428522874215	0.6191439337957827
0.8391091702189347	0.29053250500660033	0.22297789353112107	0.9491632512277417
0.5225184115332815	0.925698192974575	0.6669488429183651	0.46242950676381706
0.4230109074841111	0.2872050476865839	0.24006064319460824	0.2346776176271289
0.6238935791261416	0.6903732038660427	0.9705839698885128	0.873833329271605
0.5703836768632173	0.6054372790257225	0.11362983527298341	0.8869212382033137
0.8044290678749226	0.799868475592789	0.7282815039913473	0.8421427941243053
0.5847061748147282	0.6488056830950565	0.8801939764205943	0.22414178736611357
0.09190273601316107	0.18652716696668892	0.5179430234810669	0.12957365284610123
0.688905431535334	0.18396682857134294	0.8283616743977866	0.07026098118142271
0.3533204231507756	0.2458955230153973	0.0678434575750312	0.6942566985663026
0.8291124865088058	0.8061701733339484	0.6892940613389626	0.2821380954199441
0.5394531275412977	0.8227981817197325	0.3914770698862171	0.844497480050371
0.9493915678477105	0.1071913533042617	0.06797778162225844	0.3609227054282625
0.48714206756530043	0.8657846354315971	0.3095904768094298	0.3614590409329714
0.4821675821728097	0.13193617595522789	0.26597932525705575	0.8924392145871464
0.43803382303736377	0.2193018025930069	0.5974485050791086	0.1994507029594797
0.2945090328911243	0.3831959364339494	0.44904098019930666	0.15206434007815536
0.852343971632505	0.8477123695341685	0.6134318350947876	0.9941726922198827
0.1120843425020257	0.2453899271399838	0.5956134679280977	0.5239760747691804
0.25242190987149166	0.4774094558667445	0.2706228149151161	0.8786668112462046
0.9668063731198098	0.5852982257993252	0.08038935028588641	0.5564062918415469
0.3928897167948984	0.954473468253089	0.7312504481825352	0.5700711840613332
0.4032751665867085	0.2030555112065452	0.09388388757639665	0.4054350163487364
0.1933224236142898	0.16770225329424499	0.8066745170153642	0.67159089129076
0.14850708414811647	0.8310429253404766	0.1289264805396196	0.9542199272623028
0.13984510168224068	0.8615866513631607	0.5978541878499256	0.07041257115598216
0.06074745031051275	0.2566043572928011	0.9595018444216719	0.9363199719268444
0.12461650259321888	0.9412246018631893	0.5524277407567099	0.6178476625127478
0.6937368522191408	0.614038413580616	0.3532995178184104	0.8818813060471776
0.8092311012912763	0.7363984064167463	0.7156624835929069	0.381837164820455
0.8590408545430297	0.3925354010266864	0.8259422389989519	0.16693688344075247
0.4740718662765793	0.0866722017420343	0.22614438491642785	0.7483637226540728
0.8074859734993692	0.40590660381842225	0.9225423493282605	0.5401672180073136
0.28465935842791745	0.6369771290807078	0.2709236006879328	0.14622264395121876
0.16354039053496058	0.3349779038454728	0.2101548540990164	0.9233760885131541
0.998998358678105	0.4343720139058051	0.4647031434733547	0.9895299393325008
0.8810729901190999	0.7543872544817782	0.2687075451686131	0.34880379651109006
0.15652207793856984	0.2045760352814679	0.5929299598697824	0.9392175959491017
0.3366165889810149	0.5682920412105644	0.9762240318806182	0.12620272940899452
0.17124594546529745	0.3136169706077859	0.2744443636091194	0.8850697203389941
0.938305490528369	0.70145720885285	0.5257573373743203	0.6415692304520194
0.33022458715229974	0.3662145361248472	0.38351298675061996	0.1563848864635452
0.537552071690212	0.48383041987998393	0.9564170810249771	0.4034942699667703
0.9278189496029662	0.661994616094939	0.9747663442918848	0.8579831584289744
0.5088539036856936	0.7753476089791016	0.5473176452177572	0.34647945731851215
0.9001311448173064	0.6877167732324403	0.9358737296584192	0.43172403003984133
0.07420405653391239	0.10391654803756031	0.5120613604780965	0.4437656645385385
0.7479388472288535	0.35114315672906643	0.8444460424188092	0.6911943438244462
0.11524927134420683	0.4838622295728383	0.28206496073592835	0.5908066202319078
0.21565650616931004	0.7222806764236251	0.1660413706831549	0.6917969108541046
0.937393081548645	0.3344253141860221	0.9568559652501463	0.4982749912629257
0.45526685271409234	0.1630123658325146	0.8701572626589811	0.9442383030240364
0.45333668252900083	0.7976190273877662	0.25723902435212637	0.14757533132829673
0.2667983295777288	0.10048597770784035	0.3265568376676204	0.6213733704021835
0.376333741946657	0.4052753818263288	0.19940773937948592	0.4279726474070689
0.4971529075532576	0.23313547990110828	0.1202841430700416	0.894030679163753
0.649054827806517	0.08413836669153885	0.6951435532355799	0.23896757101281585
0.5155027678407307	0.4351890404160442	0.45216342607495164	0.5340215347584454
0.8793953154600533	0.053543272583329735	0.328185960121611	0.7618612922254275
0.14744418797278144	0.9549577569972936	0.8754294105260966	0.7132549795463852
0.18867905687800057	0.08244130627065785	0.5858872752959433	0.7281533051555312
0.27233959685372505	0.6491162699644702	0.9583030741616932	0.3904750814331423
0.155436709564305	0.22904669571549285	0.9992433108725297	0.5885183531070983
0.48362821481503476	0.1339224390362898	0.5447832657814999	0.9764952198696161
0.15145084875802506	0.33872646432971976	0.8373929553629013	0.3857807223029606
0.5917541038159582	0.861323445118793	0.0537625616299539	0.15542567027985027
0.5953190932028642	0.8878420540242083	0.7646363930227182	0.16533177862317974
0.17531419666590808	0.1666891846795407	0.8830117884458794	0.08854097932857846
0.12975021323360136	0.878138308028011	0.7601956992267515	0.3118244991012764
0.6351779247205497	0.9345287456128876	0.8561941634669161	0.4980179562621513
0.8797152870281016	0.8855786207817768	0.9977831102003243	0.07174784134501214
0.8050103026067936	0.6108941171567144	0.8575859659304523	0.267753379407156
0.3241044584199757	0.8168429499501164	0.9923420245313357	0.5751033528845749
0.5870363065950764	0.3816327439426786	0.8810940270301326	0.7412715062471833
0.7222552261533737	0.897607628821443	0.7551519484961207	0.44556879468856003
0.38686972399698616	0.21275003444279128	0.6239758167802729	0.5433119499448708
0.5251406168383852	0.14071975549681526	0.7973710739300005	0.7643655888032534
0.8388256032695227	0.6192477844215144	0.3300075198695653	0.7127515282591186
0.5464543935126497	0.5690413742235401	0.5294823171389579	0.33091780961758804
0.29905993383139207	0.5924010191334539	0.09216438451891076	0.8074274725395375
0.8083753264561857	0.41026580310315025	0.9200442970094223	0.8549490630155885
0.3043233182505889	0.6120687577533174	0.7547172950852002	0.4135108408385659
0.19784677284980084	0.556117255669297	0.06384762070929452	0.05844952527844369
0.15803633887424512	0.7493878820606752	0.7721160470153428	0.12988779555118082
0.08508988731565018	0.3056745569837281	0.5884376300408498	0.6752382702206204
0.7577962851766357	0.8090291152087201	0.5097040699890889	0.12344860635652602
0.9610338916258836	0.4807340278411327	0.1405765446888927	0.8940687048449819
0.29820648624908985	0.8375043340803761	0.22519246567501616	0.6323049429663734
0.31022088913563406	0.43762321806080595	0.9207616148347209	0.5245775418497699
0.4661437622388259	0.5913769129102248	0.2721598889746874	0.24133538087561118
0.6033096950783523	0.14292445531170841	0.6392388897253407	0.4947997454536299
0.218791798184248	0.23485329434899138	0.5010064481934264	0.3298869877686022
0.22307576195226592	0.07735912870247018	0.9366558077145382	0.05152102969104334
0.1278572259261453	0.2981682920628309	0.16506920680164072	0.44291982338146024
0.44294525189716033	0.39112750804050644	0.913100352743683	0.8947053644733305
0.12795480223511352	0.5570290547252218	0.3390145866443003	0.18360102451477328
0.2505822058073283	0.8846798566872227	0.6770224344695829	0.14435830192859528
0.5405181325793246	0.36788669083803943	0.8429619310872418	0.5913738658864852
0.35510743952532287	0.6719950966951338	0.16789805703839367	0.13234838583219322
0.9711634722262333	0.17851235964294077	0.11079909234622189	0.27094045676124706
0.7711762245037957	0.6346288018103029	0.837888801643719	0.32788175271195336
0.6692085033132509	0.23366133807576844	0.15427510636728042	0.9367366673879887
0.7754136063947162	0.9012850754645002	0.3332026299193311	0.46669929465633686
0.18464012301574284	0.2994701132696368	0.8072567149775016	0.594048556878133
0.4738481127338525	0.4234560373391993	0.5068034566278217	0.9224936663508563
0.28743690640055647	0.9944299924327146	0.9078429955909363	0.3947347770321765
0.17635731535256938	0.5088342211589215	0.6121894542258445	0.23121715367265339
0.8584902852692202	0.05931813373407528	0.6239341715796697	0.29827521482002756
0.5542349447581111	0.327639012322299	0.9644825464243454	0.13091106601814018
0.7065521962381602	0.6309036049079332	0.8993057100762695	0.8167585186775705
0.388076635252267	0.9991720753889354	0.3129178876001549	0.7927359104469268
0.15420890279613453	0.9139439862928979	0.24030069833521955	0.16099625739324913
0.9087512333469273	0.06891288844777389	0.5863688643197754	0.5385599534846491
0.9271578725261348	0.22715062853726387	0.4155442165663099	0.216662264479691
0.48530652187299766	0.5774371950888801	0.8691947068138484	0.9002197715293804
0.4811025602942569	0.6607558300529783	0.937075280519421	0.4291312742900502
0.5625278054780571	0.662545035452668	0.7420860702077938	0.9414099122992003
0.7667361298895359	0.46216655794004435	0.14470176943617175	0.4317475860244437
0.7807122352332354	0.6297355549639913	0.8036364753979102	0.5676842621181024
0.5485054477246616	0.5568885820811728	0.07988068253697043	0.08011616751670142
0.39121598764783433	0.5709129316977475	0.640675197116257	0.9965033024473995
0.2687189451559202	0.3489697431754542	0.8269649914169557	0.602215149422314
0.7044272505419357	0.4552435738935011	0.20955811910234357	0.8067461614394894
0.2596375308608814	0.2815984674506405	0.2460086161992432	0.20857837790801637
0.9105379492764878	0.8927688362986963	0.29988313710902115	0.9720227478278534
0.12076467292629275	0.48796748302219006	0.8099796220246761	0.34207616603193824
0.1336642182155056	0.6683735628605528	0.968272243605887	0.8611754722234519
0.19635035434042158	0.8364447122919144	0.38285494906360246	0.7606446808001619
0.05245213436154382	0.45457781499555305	0.24504705056118664	0.8087806368301945
0.8855626838636532	0.8189906925976362	0.471263428866747	0.5528843428192264
0.5413352234153673	0.6610301437122541	0.562537022609214	0.5026711611513429
0.25122530635336904	0.09234272589760058	0.5921828569364721	0.5768841633318154
0.40360645865551714	0.24859040398386334	0.10233195139122986	0.3182152635456257
0.8191722344265057	0.06139105023461856	0.2501336884234121	0.6331554923698014
0.25712665452989575	0.8004538581430921	0.7149324625662341	0.2533126628792447
0.18461250980720895	0.16344842633789353	0.2470614339238934	0.4625470030845287
0.32449999847507	0.6833429767012791	0.20237208191931694	0.44051752754470813
0.6245254779967309	0.5398502845260627	0.7514531467368635	0.32763479146035823
0.7973905275983285	0.17468652295455833	0.27925887655387044	0.9147393097322747
0.5579981492344288	0.6625038106254947	0.3034126695176694	0.1525090586572293
0.7346133220733079	0.9615387685131648	0.337134294866777	0.3036356352101504
0.1427970058854217	0.20382952010382788	0.7510709491819294	0.18171417504960302
0.2783913068497674	0.21421849295217077	0.8978774136150959	0.9627186507655469
0.8801077435345738	0.7952372940581446	0.3972205676817131	0.058747060949536176
0.19391737974412282	0.341073269085554	0.7165204553303326	0.7775089144856596
0.40508114437859305	0.46036627412894326	0.980542588051728	0.13282779675391412
0.5047657903038294	0.5337356212719626	0.5378096491655386	0.36577171172340694
0.5542354148232806	0.3056284867909459	0.8459292404628111	0.17562546390809836
0.22590110413462444	0.563340958464573	0.35338643306720524	0.2378678782577573
0.49039139498610146	0.872794896316181	0.7866273928364402	0.5825195469877094
0.9507174097554112	0.8413149358229903	0.30159631858668784	0.3471710325680274
0.45561140008535994	0.8916984025407217	0.4878058454112863	0.44202174162443264
0.20545177954596	0.8280122171836738	0.7399100004564586	0.860940917780022
0.5393087084099679	0.2581942300834495	0.7454029202656176	0.2779356014276533
0.07731514621127245	0.1341136501759448	0.08726277099492158	0.26447272469409305
0.5412813260185246	0.24023301683503973	0.17319989495179827	0.1224239526859587
0.7554671621274082	0.07984473610572593	0.7324368948766798	0.7107060264615296
0.5206252988862569	0.8756320075383524	0.48146985711317775	0.4604788074807679
0.18831290648872656	0.7782141216380479	0.674564946901437	0.1344201668173743
0.2571309257273263	0.6220764315004601	0.548691663229418	0.9956356385151702
0.7436669408072291	0.2516086909921195	0.9404805317906796	0.6935886172630539
0.8060229615751732	0.5799008615188984	0.27299731795424503	0.900387090422303
0.9815244556663648	0.29050786895319347	0.3420636258533049	0.5732355693745183
0.833496194285945	0.7162052195118456	0.3780320066942189	0.37644306616526607
0.6593447258413087	0.9774584494648896	0.9616773685067727	0.13730870095718173
0.8048171315598595	0.9496079509257768	0.8838530091719584	0.7369277821842446
0.8614800483210784	0.39183885997189355	0.4858124095911205	0.13353311530937667
0.40939025109346	0.06476481349078686	0.32296114277735904	0.24756768391172196
0.545725383250709	0.541287043074468	0.6411615654972098	0.5593901796967085
0.888506929274229	0.9266217098971146	0.8077874158019681	0.8338551227004413
0.17571262192086334	0.7587895151572843	0.3197865328698974	0.5806925538854165
0.6569553420010638	0.5089215606600453	0.6527385380212951	0.6680557877538377
0.7861430661512012	0.141751658003755	0.15668381177230228	0.15796873955782031
0.32571670588327584	0.311197303312415	0.6447525470887643	0.8854664586606843
0.11291399400372795	0.713777648253902	0.1546086503987441	0.24100472951189345
0.15722850278916733	0.4205651203723289	0.15969448780786905	0.6761810991190844
0.5188732368023493	0.8614188687742531	0.46578266717446726	0.9343695691988875
0.5458527254793595	0.8615462181306734	0.1397108210606373	0.6282633854515964
0.31595469436137824	0.5667832107705643	0.26226497762886386	0.7582638441708446
0.9865278691074293	0.9634214479450158	0.6417884821776975	0.48288747306460367
0.5673434926127241	0.7673883505404128	0.7394530080357465	0.881846035218526
0.9328047097552624	0.4913977195375073	0.3622202538528917	0.2630729485988195
0.3040105542448853	0.2142028321762226	0.2563576513932214	0.06686608056270467
0.3689790981723539	0.39251429394117865	0.33006854898143917	0.13976935083688086
0.4979389256426888	0.28845443077047594	0.41897010868147677	0.7340284039523483
0.14686704474473353	0.9959060428882468	0.9836022478606085	0.4248968523816772
0.6412599152963199	0.13645003846073606	0.6494534195595586	0.48673357366274195
0.7448437750802201	0.35104526036972983	0.10530232982596421	0.6444963106701086
0.7557405109081904	0.816740374955141	0.7254729414873811	0.835335928689074
0.7858716006069909	0.19892937893949175	0.3041383025496458	0.7541862347870303
0.24481018475434185	0.14231080532867324	0.41191153306699624	0.16299934289271784
0.596248756961593	0.5883812336703842	0.2143462245372093	0.904911190927589
0.8063241018363956	0.13689719841553366	0.9726371484802837	0.3711031636391718
0.12051430641821986	0.8974653212787936	0.5447959671084576	0.1725112563104041
0.41044547150690774	0.844815093723872	0.3824448080265712	0.8523049966641196
0.8618992659640958	0.7963415077405056	0.2434438423495503	0.5161352585612192
0.572822545223071	0.3254701026772373	0.21415432524192463	0.584201003627608
0.40578393416682157	0.935289398181725	0.7361143943872811	0.23721478249589423
0.8215619899300753	0.7451095815864308	0.2816020690232327	0.25506246106354147
0.8942661486945535	0.28410360660322703	0.6588295135379044	0.6723854452809083
0.19584064536603496	0.5514666382398066	0.7258504258366371	0.37000767032057286
0.37734552498242896	0.24165267291732034	0.9338178164290583	0.31908253731789615
0.2822778358715301	0.35589277891452276	0.8446346064494918	0.839046411547769
0.7421328340528437	0.9342347281623337	0.6416643627368266	0.9105978897460965
0.45459476251272435	0.4409868304937653	0.8875670692311143	0.10140154728055975
0.44387546262945127	0.44596044830248976	0.4417025987533673	0.4918459587904967
0.5602389353038819	0.6188149939388315	0.6113714121024713	0.23715702259466276
0.7643519463316362	0.1997977764388283	0.11642660780349304	0.3603340565609724
0.9567839026236338	0.7586845508281225	0.7855171488110425	0.46126999503557964
0.16127347491819305	0.7683349503273814	0.5430350607779842	0.11194621776354292
0.7093524419628175	0.665141115839608	0.5735424042562851	0.19574340848978872
0.056279345495693585	0.24696579419367332	0.0878816917704698	0.934179000981726
0.27816524835644096	0.7701192093125692	0.7602803336817355	0.619331352744163
0.34263218021183833	0.21212129157535597	0.8331527411308388	0.15745234808225572
0.9317519888695291	0.9336138949083869	0.6739256678307238	0.3401526214260598
0.19618077946162088	0.39110115333224993	0.45611735380902624	0.13418188824048
0.8081429832356782	0.7696556660764117	0.09189587703398923	0.2637120643676165
0.6066680632571873	0.31328935548868686	0.2654213793472879	0.5203131129488919
0.997545954035218	0.7616811299602952	0.6250515082978393	0.35068008385789806
0.5078248214168931	0.12109430339559096	0.2035945323895102	0.35493722523228727
0.6084993571124571	0.15023101936278258	0.24882017903897324	0.8071447200990681
0.302685158321903	0.19660147576635228	0.5606790219493535	0.2606837402177544
0.963728648899661	0.47942476367965736	0.34755697106622757	0.6831583628322802
0.993315405734701	0.329604560144301	0.5243903180957826	0.7548171785171951
0.7615969620230206	0.814844189626452	0.12417682823595236	0.9941775002855324
0.527757920453802	0.8591624964493144	0.7516798426122905	0.09320437058646604
0.8866942611387861	0.4578083616890749	0.8825717720537544	0.8555782287181855
0.5241337727680182	0.3085334404688829	0.5611216968271319	0.5269850411901827
0.7491108756265518	0.9955235918769983	0.3554423935684445	0.11483081545039663
0.3380067845200279	0.7503881403653545	0.7633525805252517	0.7512688239627305
0.8314301188815806	0.8216066558132206	0.7267496717634752	0.5645969081763734
0.26228228390787056	0.6703389532210404	0.25036594960869185	0.6551787356848698
0.5575490986118188	0.49968216786553754	0.7245191393177393	0.48199206942765854
0.8277646359062025	0.3884922201931641	0.1148547594113416	0.5499850330035443
0.3783465212473493	0.8117478326504831	0.13362372928770144	0.13322337094614928
0.5490970251569078	0.8760785582533039	0.34295585936070716	0.10055209145635709
0.9366138931092238	0.6341571064515206	0.30237863502732665	0.1318809015184351
0.6773763548524071	0.6553798462671192	0.5720602486216608	0.8793800867177637
0.5996269749027086	0.7065374116006767	0.8880332903805608	0.052776670510333135
0.5589450518586212	0.6465131982709091	0.9541740347361326	0.9709141682516682
0.392379193427838	0.27060936370241284	0.29844101951373675	0.7706899598668359
0.838304028562061	0.6322267063965568	0.9118305317648971	0.46017459456535387
0.9771512713554762	0.7021147272061307	0.8067910179044626	0.2781051580145476
0.25413916705840855	0.08354282385404965	0.7721845476761436	0.9621285216939157
0.7630329510854098	0.1804657094102487	0.8984902966864361	0.5487919212669042
0.41574769625575286	0.30771338529339365	0.4315558579571586	0.9999282990635737
0.5210567123405069	0.055529428944516276	0.6232641069597538	0.8565183382663828
0.174918385570829	0.28240010114984365	0.4612509976709341	0.22465806502290853
0.3004036187740224	0.5161056288345495	0.5363596503548249	0.8790885630828998
0.7413974769260351	0.970806644863352	0.6065172832377821	0.3313017576431678
0.988513910761706	0.4922368854383118	0.20003894671807249	0.9053923781427423
0.44556355260065855	0.07841445333434614	0.6823711203394132	0.8966882463327553
0.9094914632958535	0.6755050208607883	0.5380697000294701	0.22507145132111245
0.9578643551188827	0.8238446341029471	0.768256453537128	0.9924122771727553
0.28411669013481855	0.8848576513881375	0.5767115572824849	0.3014912289803865
0.7440408365276071	0.36774012341451734	0.07688448446063999	0.8860518935895575
0.6039731196396667	0.8005512982638424	0.29850469583009287	0.28021692239335316
0.5346488467091073	0.7724823492311927	0.9408175896527816	0.09069275334358465
0.10310440498989647	0.6602905431501513	0.2780413056391885	0.16237533644776897
0.44750459492529765	0.5133103351466337	0.9795335125237813	0.24218310578808144
0.22999775688378615	0.6124560899774332	0.7780698305590827	0.6801678111245344
0.7248125268812313	0.720453574733862	0.08836736506363604	0.8105224445061816
0.8016264689623934	0.6080313231238086	0.7840031598138557	0.4460474044034571
0.6874866484926829	0.664270692591577	0.650398715756756	0.7163950937444923
0.8330220813043129	0.3250780293083492	0.574487655656863	0.4707539894856703
0.3618973153342243	0.5353888348215472	0.48613371915864984	0.8784310113251534
0.19148412987255747	0.11249954545116542	0.49554167187917086	0.9078567354251332
0.8311035486367395	0.25591584904824205	0.3802574426404054	0.5969262373013933
0.20727723363626605	0.6061929407621933	0.6064817030628453	0.7735686906707328
0.9632549553004531	0.7704895849589839	0.3434808631801913	0.5291421928903752
0.7750189023249295	0.8975171560880663	0.7763965389818897	0.4237600673898104
0.2520498282589472	0.4051048342358668	0.29712661470337204	0.49614552301389514
0.3795937325152916	0.2929569022514973	0.4586757981005359	0.9314002713431562
0.2447278454697951	0.4823236917379993	0.0648336273514917	0.4441070525468703
0.4499854628085975	0.08945838453095703	0.5730390657889451	0.9946918428770063
0.6152108815809885	0.41006082429693136	0.3903741733391339	0.33801089384736427
0.39629800090634343	0.4978521710145601	0.6184348837194571	0.3247151652408008
0.3533271088489743	0.7086782863132071	0.06523321664254386	0.19872953253345382
0.2597901992684866	0.31294381817447725	0.3532948442295085	0.9738926684914467
0.5029961254740072	0.9203783854148355	0.11578390699595127	0.883563492103927
0.3790553652917042	0.4965916828961364	0.4750900257168814	0.9819398929378346
0.18961095064177558	0.42599792830545585	0.09275642542332424	0.9109832150019859
0.964454458810983	0.4031938973261472	0.21526252666471724	0.9149857467881531
0.12138144609251565	0.2888607477025564	0.9530191972614055	0.5289722857837142
0.18674423915407523	0.9605574795414918	0.4641084470136744	0.5003790778682247
0.3352800629915685	0.12049264008954172	0.7103708002593971	0.9895991748402094
0.6458554361418164	0.6202045447699537	0.11493642839555002	0.1943385994637567
0.5549075501961592	0.6625424974083353	0.8540670072869971	0.3687778595952632
0.25875315820466205	0.7159779655075436	0.8790650715532907	0.23737260224307788
0.46201201407456816	0.9419026689992415	0.5652396912688539	0.8344885590376943
0.4091925429572542	0.18838788837909964	0.42076434412785046	0.20958938992874676
0.09143512351443779	0.5812576463123991	0.29620121665736165	0.5681880605700649
0.424744374730424	0.2746675215393863	0.8652177630610064	0.27683214727767924
0.07389806652841863	0.7058853231867709	0.995051099073614	0.32883396881958454
0.59726101621498	0.9260746296828269	0.49148754260993494	0.9088777146158108
0.46692466014837364	0.08449975811247502	0.6197167334033398	0.309464964106153
0.24622309644985557	0.34588256422736335	0.05169114984197031	0.35044287850476663
0.7044080913957287	0.9560211963443999	0.6932629534135203	0.9594792942000767
0.17711854921939724	0.4564656406889559	0.22197152066668796	0.12537095353463312
0.6684510660556209	0.9791800358394789	0.569365653985241	0.07960590529269715
0.5059817415973321	0.6305632098015899	0.5335335796393402	0.9711759031188245
0.5808714987604978	0.4973201847138921	0.299746648592144	0.9470938875774212
0.6351462153598971	0.7697938746165465	0.7115100075094406	0.1300217675536302
0.3789052939232848	0.2537857951871989	0.9451938398986581	0.3877409474291996
0.22075060201439795	0.11932030722644815	0.23208257911279206	0.9710837952023856
0.4689491977241345	0.22823111110917566	0.6842027858904629	0.31372372744316995
0.667712769936134	0.23072102638328346	0.9713651045825642	0.39818433892404015
0.8692383035843072	0.4917352658390555	0.9124757364678904	0.10259779133464049
0.2347600584714873	0.07877571173869147	0.08695386616603262	0.14698235404975127
0.4838499684936897	0.29352106908510933	0.3617409574747786	0.6251527223071989
0.07993324514269724	0.957050762934033	0.6414642835734913	0.4257543064720845
0.8309174819697517	0.43730185104291774	0.5638463312839935	0.42112748437994024
0.12772740568955962	0.669270210699372	0.7859348970386961	0.44847785003681145
0.7721136131508625	0.6647740525706237	0.3534088271000462	0.4381221201771163
0.43877896513214876	0.6986130148484494	0.6623327621599785	0.289404282991738
0.5504144591700586	0.4394945104736653	0.9112149510145479	0.3132813260114691
0.251663085526459	0.7197384341423573	0.09143363559312126	0.4538285246136353
0.3359489993232622	0.6527720025451681	0.24973349020064162	0.7811817606026401
0.3061424667303299	0.3701678612513855	0.1467963997319987	0.10203917339857717
0.18777289811343573	0.1977279053082538	0.8989237401228919	0.7797186305407305
0.17932752915932637	0.8780679996251142	0.7735380136429896	0.5049596102168282
0.3281743601451271	0.6860892469409341	0.6597583423114465	0.6467383036946941
0.12895097999665409	0.5531946659044898	0.7648827695798269	0.35743058701329267
0.13108941287266432	0.6727805255922641	0.7492724125678678	0.2549741143621376
0.711786063950684	0.47449866170059424	0.06316784408399828	0.48934955484383413
0.5253035150334034	0.7197426587488978	0.7566120195329565	0.4889064928852082
0.6948969008018598	0.21497376248424221	0.40209710240999846	0.49254418658417204
0.7915180794880046	0.5956375336352071	0.6798682955857285	0.19945924928438746
0.8217570270463178	0.33272219416642795	0.4381246500811886	0.2178915559791375
0.10120016183905024	0.40285142928140405	0.7868510877897055	0.5453654203937768
0.6479392086237433	0.8816303051864363	0.43159560338263725	0.07901511036391169
0.3462041092510721	0.6096441629409229	0.6038048418749874	0.677438254738213
0.6324394370949796	0.7141605427309152	0.5000289720956616	0.21361177634304102
0.45501849566994995	0.4008718344261784	0.6205792218518357	0.970914678217861
0.9908502246867005	0.9440850694168096	0.7383953346119239	0.19255669228179334
0.33944592312066213	0.3895898477563466	0.2704596415607546	0.5315882562702213
0.7638482176653953	0.9344379662508169	0.4310580940634144	0.6176199353971397
0.4564208720792222	0.5848749942928857	0.40158385591850365	0.2671512465070823
0.6720939823038221	0.3234996379815198	0.8436595561808097	0.3720206194417212
0.9455624728486357	0.6740639468418882	0.9140531489021996	0.8367467970309469
0.9044077398241829	0.4056674848499033	0.5284055108187503	0.7973108147134924
0.06459739892257416	0.735678974857459	0.7924008744077988	0.5893424564438714
0.3809418240154792	0.9434099449289923	0.15627082371437534	0.9984532320141033
0.7399883606640597	0.9571542352777862	0.2515643426368187	0.20147337295604073
0.26338594781135083	0.14739902920219278	0.4303720459882438	0.4050748616931378
0.05418058038284502	0.28981649487237815	0.18934699530571203	0.62143226793321
0.96457573205303	0.6986040391424619	0.8676344491023492	0.6427728090085667
0.5674776770113568	0.555718657517708	0.17899248416195246	0.8402125298577325
0.6024119736607528	0.6812104419288544	0.8659934568270221	0.06616347467713882
0.12907217236235027	0.7421686206049989	0.772436801480496	0.561028366579246
0.6183431391358256	0.4962875359979443	0.7969724965573243	0.8337274857470247
0.3062285196685204	0.17450944112094055	0.6136006092097419	0.3508903414247025
0.6570826840901575	0.252825746821235	0.2819118442262492	0.99336220365576
0.6897941255990786	0.8911820366813532	0.5478538837723227	0.3970230724448907
0.9309725205001944	0.3021204339681536	0.6063612294505446	0.8324247682747697
0.30344944050294004	0.5715489551010068	0.3607690782096294	0.0577352184562438
0.28350562612432745	0.6098331676118232	0.312866973219538	0.7238466973083593
0.11617181340070606	0.31332216950400704	0.3103538165134931	0.10463638494722967
0.369519150106249	0.8091608215711639	0.28013323285421066	0.5905044245497949
0.4841840865590356	0.5956594762708269	0.7755767625648121	0.07337505885397234
0.7518537762727926	0.18146503040795925	0.09883673538678553	0.8474934710079594
0.6838150644436211	0.5147001618230035	0.9610140172767815	0.24351135426795623
0.8238769202824674	0.4508445136495732	0.798098004213872	0.8402150937869407
0.3220687523190523	0.8118053401564651	0.23943550170461536	0.5550678967252475
0.4448759891947241	0.44198339019121696	0.056629362565204754	0.8392677253561747
0.5021211524452118	0.7293321769122011	0.442598641650083	0.49825460573913793
0.33598849766393024	0.8316380977608959	0.3040744827643004	0.21448650207829706
0.33632139325363014	0.3120512897890168	0.486771928337505	0.5163809881967161
0.9326241526508349	0.39023713555114536	0.5251038091469014	0.3321440933298842
0.204130838595302	0.9033106456332721	0.7796499428259404	0.5142027439039321
0.0503539886573289	0.3892286680278117	0.232882696936751	0.4786387332627353
0.7652183897237876	0.19845316431547738	0.057592786811916555	0.3555976464847656
0.4137848469258611	0.19663447181120053	0.36095657371782913	0.5613743934188175
0.7445808053052978	0.6044021352305258	0.28199659182160636	0.39212581897777327
0.2303636738245856	0.5430736619450336	0.17917524567535997	0.07448872728524408
0.789141911910455	0.8098992241818196	0.5443418659930447	0.920159851354304
0.997498678751272	0.6196846451174419	0.11274655519613025	0.5286781076112136
0.6049477615058687	0.44621163255017926	0.884745517927485	0.6496956315658068
0.13137055745223097	0.5751534028941564	0.7986858346777191	0.8095641130211957
0.31058900533295053	0.7565392431078575	0.5525151482463476	0.24828520713888735
0.5061686173958544	0.9493030596186735	0.8138233796265679	0.07352480233123983
0.11500867158411421	0.7945708301663506	0.38118217870837284	0.10934206051898429
0.3174280950828322	0.8967475368238901	0.10506784190577864	0.2425459243359404
0.8666929720248737	0.3532016084658524	0.6891375523631358	0.5264462676707564
0.4878192280670951	0.5152307509369123	0.5899021666418776	0.6839224967479013
0.4157031298622663	0.6319603882369692	0.1709288635544472	0.18770053360582878
0.38486203340008185	0.7543261946206082	0.9471163504454293	0.7910712415188637
0.6725481500617531	0.8770616710353165	0.2900444132974208	0.723554855250526
0.27312525121805015	0.24532461543995465	0.12182354547663318	0.2689354903497521
0.274093148292513	0.24647819787654673	0.8897456789071018	0.5790061087262984
0.913848508867821	0.2848329821522437	0.8173176337037132	0.19147576799432725
0.6564403872414154	0.965996846232438	0.3332242232933891	0.5452235802358558
0.5692892083576911	0.6434652324699035	0.7779566217203282	0.684539926501396
0.9645531647108901	0.25384356020541693	0.2319858397863478	0.5917315692831795
0.9107707799359656	0.23870690362757285	0.9594868018110883	0.05379460133173464
0.11024138910219433	0.44743355826066916	0.9783271764488279	0.2820267000961769
0.9146348300587489	0.08042261916069138	0.5592141528411158	0.08917782762007737
0.2310041994169954	0.15674701821303727	0.3185431335921164	0.4885883001950722
0.37730927245398793	0.982922089874165	0.5506810825180416	0.15664540995322174
0.4046270779137916	0.15717157739803855	0.16286826599724935	0.6533237736324196
0.7203620151482862	0.5965920506347573	0.24597578750048993	0.7310961976222853
0.5324575499380393	0.7864525654655878	0.16392940561868122	0.2620833043848469
0.07487493066392123	0.4855725494646994	0.8849621127162385	0.1092984505401291
0.6273270288186565	0.40594929064224666	0.961802357540493	0.9400061961897428
0.2656382443092074	0.7833755853954986	0.9628102648232354	0.34632303765881695
0.8726138115983272	0.47479616332469654	0.16275932981364682	0.6312524232808681
0.2025320046898505	0.9733084041359076	0.6459123759986506	0.4165910172524296
0.2007911649708224	0.4086343922551088	0.6082420860716925	0.7652660370607534
0.16053363537817777	0.6727054943603121	0.8797036549008708	0.25699184270876557
0.30144949807994315	0.8602973872237539	0.48398529752500996	0.22873904403963097
0.3206625114474218	0.11038558318570561	0.27788130037781433	0.6113947800624522
0.9922511612836132	0.16934715651853138	0.36237724905209767	0.6577133712436989
0.06469483761213408	0.1623786149682102	0.3488567354301846	0.6159996896611375
0.5056325287236281	0.4838924229109291	0.1291002508822157	0.1708625197918573
0.3244976126877902	0.631395404945801	0.165283544853972	0.8410861622593917
0.8039041872402956	0.6803221041957089	0.21982665820271896	0.29615767860729897
0.8901901791646586	0.9514975298906342	0.05630967665617697	0.5764366582090464
0.4348211198525245	0.6192640917050314	0.8247399069159909	0.7808318371129609
0.6452486178319239	0.06667718357332333	0.26766593904422553	0.42199806256348077
0.48753504334470804	0.5803054599107204	0.3272333277524853	0.534845137352717
0.8871512477081528	0.709642593791558	0.4171613045775739	0.7262239020327618
0.7882743034327447	0.42662593504762214	0.3236543914475153	0.5622043232145577
0.7727449729849167	0.3726036078576991	0.7045211253741478	0.8060147419159926
0.16470835782251886	0.7651342807317019	0.2826413641678502	0.3398426792999882
0.5954868394648557	0.4715804197032756	0.2372217445070044	0.3681318224070718
0.5205468780429533	0.09263169598760602	0.172821751139269	0.74905289672387
0.27725750221812057	0.9821372747928365	0.8177572574759081	0.5343221439678293
0.143300533829272	0.6288354994183618	0.05676343640378745	0.7968713217150006
0.9318144629833643	0.3735539068920594	0.11828285765162326	0.22720954339187271
0.30094011837650503	0.3469784900217204	0.6085454100535124	0.22299325556133887
0.09346116846066187	0.35103486547199264	0.5903569892028969	0.37648929756248806
0.45109409403213824	0.24914112933139904	0.5219254982157105	0.4061994030144926
0.2546840896175245	0.07491202146156323	0.9255917059463644	0.5207146369828507
0.9979677360738343	0.3337739361150835	0.6180952151800754	0.5499497057335958
0.7590160798390473	0.35375251877654257	0.8732174227396656	0.21935261146731916
0.7011982701319487	0.4568940750180822	0.42781932203475165	0.2773413367158135
0.8939315344550427	0.2911369914460736	0.258765833121089	0.8597392303128747
0.26137912656206475	0.27956370715117423	0.11875077384797188	0.2207768809612562
0.44677039361137905	0.16432933127267013	0.41116290736819555	0.5773368351988956
0.9794148887668688	0.9623028980559238	0.7802159024400238	0.7776967376774907
0.3245177216106504	0.4897269047354639	0.21888817292854568	0.19690994587089866
0.5091948395358009	0.9141613731081927	0.4421074176947341	0.2589713957655118
0.668817138366408	0.4284668836185775	0.7282668469882898	0.2972848257962393
0.15332055576522913	0.14200327335806628	0.7841615144201752	0.945623111163517
0.28383066271638047	0.5044131292261619	0.6312940680155793	0.8364628043644841
0.4117670954018103	0.1356152099639742	0.7101031510596092	0.21271488932767385
0.6793234378796353	0.6565434114374173	0.056136628619532176	0.3874075719723052
0.6687230472527682	0.9129396753247198	0.32523205662615506	0.4928610886042994
0.8055004826584456	0.08200344253623201	0.21182211190346378	0.37844369829040875
0.5119601248218625	0.7266328180586864	0.8837421288220436	0.851759053259972
0.6060584860529121	0.24786918250906342	0.9284173953461281	0.545882395378995
0.7085642404913868	0.12419002224826202	0.6577561244648003	0.6268307075163325
0.9630582262722878	0.054159094530065933	0.4556078450628731	0.3952819802649155
0.3026616961982676	0.9305236061494814	0.6620675772530732	0.5512798772417419
0.6235797607296523	0.7794460546690712	0.24988888800338377	0.7754301447820376
0.8714912113740075	0.9849450377395794	0.683063606971196	0.17615439250472903
0.8988587179950103	0.9889313609679605	0.9125756156508291	0.7573518762240606
0.08580542443017314	0.8574655423915	0.13923957405974802	0.8046791711852065
0.7328418667953792	0.5541910841592733	0.5922386412453426	0.825522025545022
0.5991851692042894	0.6920220209556599	0.7135559571391668	0.8347509580305853
0.9755401382372965	0.19393654168870672	0.8684841246009712	0.7646184357257961
0.48737925831042544	0.10599658716323812	0.20475633616830613	0.648508098150288
0.8293775017681165	0.3360324075457145	0.15448990300332943	0.6438333778548562
0.19971736530030493	0.9601435550632729	0.5892362849495536	0.150150675296585
0.14487150790568665	0.09870035227809389	0.36445074619476875	0.7899822057612707
0.6017354307771744	0.5859321237387469	0.8860853543436301	0.9406694737862873
0.7940647210098988	0.42375158136720353	0.745359360192408	0.6776868651139089
0.357017236891556	0.6561714074294162	0.1432741032661316	0.12779593815860185
0.3629888039706182	0.7563815871382873	0.9515275996391818	0.6419752350629566
0.935425353261783	0.6495116737892692	0.32361996282073185	0.7069230052103698
0.5286525531323134	0.9817391908097375	0.5313290065465391	0.7779704375016749
0.2716569176866231	0.4054098545182277	0.6779298257018915	0.07510788392931982
0.23501517051863113	0.4518035409476452	0.8279810504337198	0.4243708989950989
0.37136800559477073	0.4082682319508436	0.6731257548268188	0.1931924837862608
0.8903450562151167	0.8335706771658641	0.9318929222041139	0.12727185436817118
0.11836518061381623	0.12708716537436815	0.5697108109723584	0.316223657673509
0.12589964266544645	0.11418071838599873	0.7293929958815694	0.6005483542258193
0.8894207752676453	0.39266622643987203	0.5529837402703731	0.27093753885906746
0.09052183650801565	0.9172501645533528	0.4565741792942457	0.833648770105697
0.9199088779470416	0.6483208673645047	0.4743993444224256	0.46998800855426587
0.6880635261138928	0.1008016225437866	0.31425453161818934	0.06744372254916953
0.5261000752288948	0.4459788866218979	0.5333792633396567	0.5450967793242434
0.12685044234915244	0.47191999834024095	0.49884478279011807	0.3144382348871879
0.48396564853302326	0.45477411745496105	0.30353208374264085	0.46683156667464265
0.48990952059493437	0.5307157339286233	0.1518789988806738	0.670507587403439
0.10911777149538196	0.672579376138323	0.5135251654471549	0.17496934433318778
0.4835780448808263	0.39161053017090586	0.9515133487097951	0.8441828402353373
0.6481691535920698	0.5695588737119478	0.7037547406293844	0.7497670304593445
0.09375229349371586	0.806901636944379	0.29886735246681684	0.5804117527451758
0.9543252244943465	0.33941592967484907	0.5341591634929876	0.8959579316878209
0.5449201811279922	0.5121620987795125	0.6298326369517082	0.28107405628592824
0.9287295325940311	0.9095399405875358	0.8250785412018456	0.3180084510437667
0.2601300563407431	0.8904565564107197	0.22089764058493738	0.5930364162806159
0.05502610077936638	0.807183081856184	0.2511576572748336	0.21764541639469048
0.5215395500523226	0.6212782736694447	0.18628524348829828	0.2688061976521017
0.06578650357812134	0.7779986046204364	0.08986975322994945	0.5241075105307472
0.2606490990259936	0.13164659306585827	0.08303472473630985	0.08459418867878028
0.9854961360522826	0.10244208162722304	0.5172439726848826	0.6825746901437115
0.6215930232394307	0.3160416484528524	0.586383098211707	0.7632004294088045
0.4993123136211524	0.988937679961158	0.9498836657660249	0.27145446937875406
0.9965023644568752	0.41976319908079346	0.8117812419048361	0.28008205334147335
0.8428981384617779	0.7504149965840968	0.9670989314304986	0.06686667902072202
0.3539303489362853	0.36981046641871307	0.7778288939816634	0.5519124984547809
0.10021929017215936	0.9848266576401793	0.13884443075941183	0.9759193026476204
0.4662809096676581	0.6660006989096062	0.14933186927391423	0.34116653767494237
0.9348038950656039	0.1762772300213053	0.4963637603571608	0.7006682462604432
0.9588887707965846	0.0686067244683832	0.46109905413436925	0.7888166669163944
0.5357469790145394	0.30238966994452865	0.6479780660623703	0.13777832630332115
0.818082038915501	0.7534036120027753	0.8057889896995923	0.7864119145749487
0.5096328646304858	0.5766469962269559	0.1111508682942868	0.8093154426958322
0.517773536228609	0.17065804929128447	0.6228832496983766	0.1707717229576486
0.08156691991454407	0.9677839042282673	0.7679882490142929	0.4402240406446224
0.9663245696383462	0.05468968959877532	0.5754054531634014	0.2839943073052594
0.06610603939587373	0.9320960364254951	0.7807732285728652	0.08823334114939214
0.958437037461377	0.8262473483315578	0.8874981185450075	0.3365352719185622
0.10669641300728198	0.3695154105052331	0.8581829291239332	0.9510120318950884
0.5034469264879529	0.6358247916489823	0.18069417394324438	0.5745760242508401
0.06429399393198092	0.8888448715566777	0.8218379988446957	0.9383963418349264
0.4697090009541684	0.21327215714453746	0.6242378571524482	0.16763822826403652
0.665663251411419	0.0747590360190607	0.7545758786545432	0.2802515419366331
0.8587253790682801	0.4552084033300905	0.4595487941696576	0.12363901341556602
0.39011522607581534	0.7981471899377572	0.9226049935787	0.6717075027158954
0.6465777852512263	0.64844777725477	0.09083354756546755	0.9304945428130021
0.520515942959024	0.09684442535905374	0.3212223186094519	0.9137174243420202
0.5153059872386173	0.8342973012523952	0.7253661103563847	0.5367489746135937
0.39339130147707674	0.06423346090729895	0.32028229624205745	0.5815895770097224
0.4376725781992327	0.2536141454926338	0.8146293121377056	0.5145469537520386
0.31704934763419707	0.6159313521592762	0.5312454247623699	0.10660536936316242
0.7190718217913835	0.24874351157597885	0.15946661355556813	0.5782702038628696
0.7528944623766016	0.40443930259891425	0.36007209756192093	0.7729008608692753
0.08245369097331792	0.5281306373821913	0.7257941910630367	0.38645530528819855
0.9649695979829779	0.19639308245527698	0.7462339331167842	0.5319477347812792
0.5928623088389359	0.5257540520223423	0.2558834332991724	0.608373256805487
0.09842531568954237	0.4526064158362066	0.41015041918920625	0.7361777607884454
0.35127101312691955	0.847556841648703	0.5840189373365733	0.8633403663659746
0.6650520138344623	0.9991929332609741	0.9431958516113657	0.6797474760506083
0.058400670343898155	0.729025929578129	0.3112043638159972	0.33466205858193376
0.48697083880912967	0.3405672124584003	0.6856111788633793	0.5716369448806322
0.39143879496943645	0.15192045565779455	0.5217623097246017	0.6193686573037703
0.8670498676070271	0.6450228304160728	0.8046003169915	0.8139618660378496
0.3910680786648811	0.9806054209522066	0.8556878024785666	0.1236504412846696
0.34922363133361317	0.3527420809108288	0.5642397645069416	0.8876726347774163
0.6082903468101916	0.24456488898882722	0.14040670878211264	0.933604760888142
0.19218026797675836	0.6852888905561342	0.18303976002122113	0.08514765447057629
0.4272362862547443	0.3954427041641696	0.24189824177856284	0.28517731838247323
0.6057096322403078	0.1430741625265956	0.11379661960047219	0.08736799268805864
0.8244497150530083	0.7730410505089174	0.5283751231786011	0.49618234400779726
0.458623758608937	0.22517321113586314	0.3648962884531547	0.7224040650293083
0.2423080473349668	0.6611506848802712	0.11241954589124827	0.10763316832505115
0.8110038468223862	0.8317541410560028	0.7828862621209883	0.7331645622225198
0.4690192591522429	0.5188126044284597	0.18677161447600832	0.9803509650312344
0.29806685957770057	0.7990579948864885	0.6700031734219001	0.8516881232533945
0.8396594276334942	0.37471974068580644	0.18543560412300358	0.4409474801109208
0.05667598997498889	0.4401747970431224	0.5303470774291734	0.5132102323974097
0.1617719356002219	0.5798005182612228	0.5264452980635832	0.0890898466335027
0.09829591469982135	0.08241826508368662	0.5371700169731328	0.13619529612229975
0.4853482985461873	0.055588197150293554	0.1335671438951888	0.4526993376355151
0.8724234369821686	0.7202508603016914	0.09016259870903715	0.690039046880912
0.6524874978469045	0.4345309727891338	0.9621023510040299	0.1856083706401585
0.9357883863525439	0.9772937046370607	0.18015686921366775	0.4984666503350144
0.3598302744995585	0.9653736404010569	0.772486573722695	0.815631402551569
0.7531650200373002	0.24237257627449954	0.5073018076411598	0.7475836363005316
0.5827191803475332	0.6730412046046621	0.5876077199835552	0.9469446001585065
0.14891057601748084	0.8969330367515808	0.8572929559892861	0.30210160462217367
0.9558885910945567	0.2508801489688915	0.9418357913830926	0.5408457530499439
0.8951338531708625	0.4286688388910079	0.4670924791188772	0.5859799507714691
0.98255223330192	0.5251625515034487	0.5329565240720033	0.9472248250900072
0.12465197093178981	0.22123089719576589	0.9750431002168363	0.4588269006982871
0.8692985537740339	0.2516663527291236	0.42334061926084077	0.12232291961980958
0.2645352472346706	0.9767922574770642	0.09949705355969168	0.5598318887425876
0.4598903866844836	0.46552151320533847	0.42689578016137436	0.5261384547606188
0.4550030960498754	0.31605025935539127	0.9528602159609997	0.9948930071382855
0.12758960671758063	0.34282124638585615	0.13078389928547923	0.8730914794884816
0.5718351973131228	0.45557232137011955	0.9897145265745989	0.42762847415500804
0.47232648857047294	0.12639196687087179	0.0714161571380038	0.42357805938440185
0.14677968444276818	0.943578111144069	0.7982023714539979	0.9786828128165308
0.738586309404285	0.18108667132188638	0.11318288327360011	0.9624109458534036
0.07537305846970123	0.280043032280023	0.3911700476117051	0.17699506048498892
0.5533770704798089	0.09497099113173368	0.5254759358660082	0.9009442207552903
0.23332187106617708	0.23478763956951693	0.6805710489215143	0.053187179243952484
0.25297717521983687	0.28345438402425854	0.0700545166616838	0.880247966852172
0.6917530602231465	0.5849064778175601	0.9968121274654332	0.7084098131033922
0.5206199586852185	0.7953148990339233	0.26371847688056704	0.630089011946654
0.5897244430472357	0.0611290100734727	0.09930392634310342	0.28899143802183397
0.8240448801613608	0.8694283891589408	0.37740089542794725	0.3098699712494965
0.5395748034069745	0.6722146750687411	0.6248746535851561	0.28156357629423406
0.42983047945128366	0.6421864342415889	0.8261619658392111	0.7352893878725523
0.28990518026011386	0.26007845828941906	0.9802382703317755	0.8632996679489198
0.7814777376517564	0.10816052761448224	0.6619904734083925	0.9651122012869153
0.4928685896413657	0.7565463674916831	0.9549224619359516	0.6451740812638703
0.20658015579452926	0.27153156986300825	0.7442361946970856	0.22950325537589
0.18447426837831715	0.874181059175729	0.5642902025670375	0.760962982348038
0.3050763561079064	0.9915475334324526	0.9716287465829613	0.6715343721895758
0.5568067566137244	0.707014942181944	0.8343925025303139	0.36851898218531237
0.1296088604141717	0.2729977538404738	0.5891701431707101	0.46621938526253703
0.6229265977043762	0.5797366652489467	0.7715603093073338	0.46870375979437856
0.3665500762428937	0.8459407242343322	0.22410603216674108	0.9957734039373501
0.050629873320939454	0.656647494737045	0.16216711403504952	0.8361164679528044
0.8556466941257972	0.6995291034658133	0.6767790756763242	0.16424281324848378
0.7134792567578782	0.20529241260785436	0.2263089405492839	0.45169732276415836
0.6130428642067819	0.8617836602752466	0.7011037154335007	0.6131091550181174
0.06084550621411491	0.8606127731281125	0.21016287292383612	0.9762275382094523
0.6041383496738997	0.07072626964269853	0.9648970388990864	0.8860769507409875
0.6287850917718176	0.06321064063192093	0.40798856387519444	0.5155126353749072
0.5994152604573896	0.114990838513531	0.05774048429144429	0.9804126106206738
0.6217461329305021	0.24673586690353116	0.8517155151678952	0.4355316265671738
0.5738806917799837	0.5063946469194682	0.12523828465857256	0.07969710863028266
0.4243797574699898	0.23844869260943963	0.2945357065390917	0.9616965998070117
0.56108479320672	0.2730268772254117	0.5401296838341629	0.7107698495380801
0.8805294481951375	0.2959639407693529	0.3462261124053114	0.6287043795960952
0.7089810158961845	0.23926791061619057	0.4604151504140919	0.14718338141830528
0.8796441253330535	0.8862800378521137	0.31441037415796563	0.0566912159525395
0.3220097228822109	0.3162476704918934	0.4870117505609924	0.6483075334978662
0.12754942226552166	0.8975156533861829	0.9202333499183957	0.4251187100471742
0.9292538080847074	0.9060647267883508	0.6707582162041876	0.7983718774599466
0.4847227496408611	0.8339018749291659	0.49160436433089333	0.39564683706368303
0.9814375943866588	0.7146789705509193	0.0556463463860138	0.6453475565197488
0.05604516827396176	0.800411547312817	0.4048934301896763	0.6081185940063037
0.1764708252916144	0.7708699515563772	0.8922492967706521	0.25910168569564496
0.15678385945168147	0.2028176246254106	0.3353672510074185	0.1474293724647492
0.5774400300905393	0.4573394449163737	0.09634639403273143	0.562573715385105
0.8392045180870307	0.16892171488408975	0.7126494591622183	0.8181696819418913
0.40319148966375806	0.9245840704163558	0.3596911128031761	0.2887483427229961
0.851334842592855	0.9121240913169143	0.9504673744420886	0.27147903997512113
0.13647991541632104	0.6099460287513775	0.38786044959027116	0.9035375839868992
0.9387111077779038	0.8707205571979063	0.8953762897298	0.3863680481958392
0.12545669627029224	0.9139790224835487	0.2731648033735631	0.7702887584374121
0.9583265405183321	0.6108916731090311	0.08661560288589581	0.8690052814272233
0.7147833974809719	0.8097210495569079	0.28286268734981346	0.5179440234892735
0.2618605892985132	0.24335988481880722	0.616688187139596	0.98352739245252
0.521407448235987	0.22223115967991985	0.691837583292644	0.6574083172578725
0.7647756359066727	0.19205206549706055	0.3683812156796066	0.8667297356902587
0.13868513529271634	0.8500295287763572	0.06511820350238785	0.5026921350647378
0.11494052750958149	0.8102028519284727	0.9691193732124406	0.14061860165996581
0.6611736464184284	0.3674280740578536	0.21023813915192185	0.7454921465576476
0.22139551440844435	0.5617005998463241	0.11354263864168541	0.8430510122983967
0.6442215605036453	0.739820803403409	0.1443549574127438	0.3336414229337822
0.4057825589815213	0.6171696499840771	0.2726085089570703	0.8590167730443385
0.3675860594272724	0.05794760641134881	0.4129496517756173	0.3763487448101397
0.251746671307319	0.19333542803578063	0.9474386178016692	0.5239587133209606
0.6583915950380105	0.9134065522487488	0.9269362370652472	0.8669963483675237
0.11476303827714635	0.4775493808528983	0.8222859805612125	0.7739691673283061
0.3136986488311572	0.8981660660027383	0.7453975052221732	0.5929380255283586
0.5265305009239408	0.5711039900737714	0.11920815445708233	0.7492992097299038
0.43960920075749477	0.5028735190770728	0.8328851622235972	0.7924508453734859
0.788452411930535	0.16171239824224065	0.38300719909455805	0.3873400021385717
0.9081812175192456	0.4771311197780935	0.35282528738435903	0.19896918263281232
0.22897443182505378	0.34499163300802316	0.8374956668826988	0.057002400084176646
0.4334066463744935	0.7257916030266398	0.8611484192616261	0.42335382482785117
0.7012424942034311	0.26406801631813526	0.6351936582500093	0.721453680358226
0.0640697606423754	0.43860492251816324	0.7700589215456465	0.9769758706587321
0.12669168422127314	0.05436630554521698	0.8011233480475909	0.9225200271616615
0.19829867620834235	0.9797949883539325	0.6896806908291007	0.6184394488264381
0.7289833155112736	0.16585278073670132	0.744012449755975	0.18277741747125142
0.6800637209088815	0.9191125585403117	0.6529349850476076	0.09922734394580524
0.9060605707703197	0.7507465824601287	0.846484032977496	0.4378113543817684
0.37235834746452784	0.7145437537293979	0.7043005917427243	0.0852652257466282
0.357739313433333	0.573315868183932	0.5953027065270479	0.8050158524150908
0.8405503394654474	0.49438095205380894	0.4612985454822358	0.11759782481433158
0.1712369436334636	0.5754388795904299	0.8020673784105243	0.8651376663203602
0.12652219397606979	0.8545390489327305	0.9495433599302581	0.3789130636494075
0.3160964072407	0.48750300750512215	0.7917199116104815	0.7453469988381495
0.4990061289815339	0.7572377453281586	0.1993254869889881	0.6542355369589649
0.2510012574475441	0.7574778546047417	0.23129588933948975	0.6437394017049596
0.6626566013493396	0.6457498086739394	0.6466895480018506	0.5167271105963143
0.292623091488543	0.3906586315996167	0.16019284293897496	0.9289744080072256
0.6154895620378712	0.8719314711031695	0.5328795304890555	0.7607541583716042
0.6749255356787167	0.3801248307667106	0.5295041175589982	0.6925948155005807
0.44762344724997316	0.2817693249475004	0.6622420408549019	0.4387271507528545
0.5528428183716427	0.49412933598728165	0.3160638700431931	0.5125210104290827
0.5739844047073814	0.3763181344392395	0.4485210994370166	0.19496857116804062
0.8414226235125835	0.9757029517558407	0.40826477858081384	0.07393556101636033
0.10522573562160589	0.7303872697730498	0.3799039056552896	0.06400319209690968
0.9039826622954387	0.6576871739316598	0.4065338679543932	0.5667523915553762
0.6516299034578945	0.4338722980184445	0.6573567627183373	0.15847220363758097
0.7006786934432941	0.15417440038940677	0.572049199178261	0.09800789136212541
0.33233145636039213	0.6559083351588998	0.9627394121414135	0.2239798041775749
0.852658312255785	0.382705277022494	0.07802820720910868	0.09225973910813239
0.3920047334544407	0.23225347541910446	0.10650861446468915	0.16077570219676462
0.2475737518654912	0.5438400703252647	0.5491649078781926	0.3212495457079768
0.392309225506106	0.5078992455453352	0.7602510259647939	0.7055330143929963
0.806457206226693	0.8623260035716417	0.6362618938480236	0.7975119595976747
0.35943047003341444	0.7011984584787989	0.45296295013911203	0.7487000297045141
0.5858449830252533	0.28074834188285697	0.9885211140432701	0.2939763106861584
0.7884055727935716	0.7222544989355527	0.859400865671578	0.5282040998680964
0.6398470155436472	0.9573167392348194	0.335630370326546	0.649914848129665
0.9865718682012956	0.6827630365682557	0.8808295808982546	0.28218632316806636
0.10505621914121925	0.23263473679319713	0.4465901205321779	0.26393781656572235
0.3180131132961052	0.8776204692719274	0.7302161513606515	0.44512130125444843
0.4815159695582886	0.6731052209501208	0.38599246172451823	0.20509714500307297
0.8583271326455263	0.4731310699080035	0.766452525093545	0.7789421895551807
0.6492608927026049	0.516148246576915	0.6643268488415117	0.27321000512098426
0.203819756931378	0.9350802630405795	0.5953711549093079	0.3994737831424835
0.9838023397682212	0.052930540886192805	0.1429727868134501	0.9620931143279194
0.8929853800618663	0.9460053919899282	0.07990279326857944	0.913273896454286
0.12864560404200215	0.7443481175853813	0.22274779513517995	0.7917024231913757
0.15628786238672798	0.0811171320875165	0.40293208007640663	0.6098314761364536
0.14138671823644428	0.6038336682112818	0.5380523723943413	0.10068622738431764
0.39352273388753506	0.7725839394356827	0.8634642278541022	0.4048663370804575
0.5678034653962284	0.23004066519853278	0.7273151370609643	0.4003722271363963
0.8646761798268456	0.7277009734629859	0.3138040514624731	0.6503613421838098
0.2775187517229385	0.9056220641727977	0.5459913123099824	0.46161698581271887
0.4889028194979382	0.6637156297535052	0.6623057291016139	0.6150494676394278
0.13117823442951107	0.3471359185460501	0.9373263447493384	0.2178846353483187
0.05503416113315675	0.887252842935434	0.7283454236489938	0.6859994213450984
0.4522982937914979	0.5671074782818999	0.7885648319133488	0.271478942651161
0.06586271194454808	0.0581552647469922	0.8728984704432909	0.8864215726733482
0.15744954954572926	0.3998692725546183	0.835589477956714	0.6905687955954466
0.23835238066570807	0.17257387439271427	0.3087835766847216	0.6124749394082176
0.6555524873920253	0.8794626932935189	0.9059848575585991	0.7865331671288246
0.5069055365539777	0.510828671553125	0.5895498700519204	0.9072262982550873
0.5127562885604213	0.5518826624963858	0.8872666203406389	0.13297440355088136
0.5773095202272611	0.5542673755433326	0.463752708183289	0.958125826957955
0.8257151711290354	0.8935812013472694	0.3757474478223138	0.19989241057906265
0.799953520743278	0.14678607214711026	0.1480643695053504	0.9801812303910936
0.14274202775522304	0.40839411132748055	0.5718188936646902	0.9663234323972497
0.9605034641702875	0.3036500697929301	0.9281981369592588	0.5412612976187376
0.5123250892814266	0.18482632981334335	0.4893517844262595	0.0704038217083578
0.3799246964212419	0.13063105040540118	0.6212823414519894	0.4423095007152066
0.5154108648496618	0.6370773521516381	0.6458447757778277	0.8093656168213716
0.46267624437806765	0.8773929504817938	0.745253645935504	0.7944375192672866
0.8341765128893195	0.46828437798077177	0.754677566785763	0.1516144261915485
0.32231860630020637	0.9008552897709774	0.732685834674488	0.8514515744780498
0.6165293204667941	0.4087460983979005	0.14400917808838204	0.6873613651469338
0.6400982148342241	0.6618546459011094	0.1890646425735954	0.771797704834465
0.36530936980497425	0.41406633329022186	0.7515661829492735	0.6377848848561122
0.7469528169402335	0.8452221227008052	0.7221214154136227	0.8240258787391471
0.4990207234327882	0.3056345700018651	0.20482102407073755	0.4740888306696793
0.21647663637079578	0.8957336679772104	0.9213505788397423	0.7679369275934467
0.46129010844080653	0.957523201134134	0.3279287778474533	0.7638032397604911
0.8120227335339205	0.1325470184635228	0.15926929524820965	0.8749013438395902
0.05060376546334992	0.5810018900034086	0.7781998054969086	0.43350367833461884
0.24018138184048882	0.3915721874200899	0.872817219955033	0.8364581276126206
0.5751717810125269	0.32603114903609615	0.6493432709250047	0.43263317974092647
0.591137230655008	0.14174990969351106	0.7475631056040457	0.36241012638377107
0.23947367282518323	0.7356845890131751	0.36979450727475704	0.1833207929193248
0.6666950934931342	0.7223067365077184	0.5002712274958373	0.27879823692406286
0.5813137972383756	0.08688466644704511	0.5813481220675434	0.21701006126904537
0.5677651058524724	0.7294159964407635	0.39701281689329837	0.2973121941705719
0.5229537396255459	0.28142406788584984	0.291961141347162	0.588580564655565
0.05627196754142147	0.39341711237478794	0.8619546398169629	0.33826420541163055
0.2359482690796883	0.2025532258002381	0.6998325947780448	0.7982489252467395
0.45366042408060264	0.8649653235447701	0.7091537315927792	0.9692798203949385
0.4137910011602819	0.7512044357628752	0.7664095422363675	0.9101602237781711
0.2713455483685289	0.14054579148095905	0.6761935399076356	0.05215526359123075
0.08931619306169639	0.5342575782642655	0.9534060924718689	0.35035774741057085
0.09378799668904439	0.7251172544059677	0.705609042665354	0.9147720817791597
0.8512216481748276	0.5222242956373485	0.9111605545293175	0.6152192555556177
0.3611813946765461	0.7048430611847988	0.13460298776709306	0.823802186613463
0.7924651177759788	0.9160890822224816	0.37770145626241025	0.19503941110953033
0.5332661426788555	0.44941788667069504	0.16462324017169166	0.5384818087765783
0.09425618041750541	0.9587011400693014	0.12334670653145954	0.2592258291206773
0.652659311208269	0.9601768098514707	0.9353529992700297	0.8800170328917434
0.3066548653776021	0.5428158377916733	0.5553153889916572	0.30267328472863
0.5666167214656155	0.688966669054682	0.10296963933864181	0.7988215998699553
0.2000819330649099	0.4817343539296316	0.7272880963266504	0.6392634133731494
0.6114789772629785	0.27282830787697626	0.5972761525968316	0.5678154063575178
0.979770274382448	0.06169366254497451	0.7799857370641561	0.7164915727988606
0.06285147652101133	0.08354902512219901	0.6418812989684315	0.4539215166186826
0.6862386302755178	0.36993838029734266	0.764851822167669	0.9596985836829397
0.440618331978014	0.3169329275286351	0.41769317860228156	0.17421960972205772
