0.05	0.9633242540420519
0.05095095095095095	0.9451632517558071
0.05190190190190191	0.9555282591987245
0.05285285285285286	0.9008390525578877
0.053803803803803806	0.9440188955828509
0.054754754754754754	0.9883871985063347
0.05570570570570571	0.9094539020610674
0.05665665665665666	0.8963254217860818
0.05760760760760761	0.9452599898666492
0.05855855855855856	0.9088051369236292
0.05950950950950951	0.9117133690091758
0.06046046046046046	0.8286591489608193
0.06141141141141142	0.9487683451613939
0.06236236236236237	0.9921406965878361
0.06331331331331332	0.9562506561693566
0.06426426426426426	0.8731282707459469
0.06521521521521521	0.9086841996729303
0.06616616616616616	1.0
0.06711711711711713	0.9335451938861339
0.06806806806806807	1.0
0.06901901901901902	0.8782262693526977
0.06996996996996997	0.8514356461925179
0.07092092092092092	0.9005429571602939
0.07187187187187187	0.8901392980414439
0.07282282282282282	0.9748949000226531
0.07377377377377378	0.9465823771831767
0.07472472472472473	0.8478453303697976
0.07567567567567568	0.8207986625811606
0.07662662662662663	0.92564823498279
0.07757757757757758	0.9661238938289085
0.07852852852852853	0.8979430748395326
0.07947947947947948	0.9975625619723378
0.08043043043043044	0.9059482485360456
0.08138138138138137	0.9744000703626164
0.08233233233233234	0.9827967793084429
0.08328328328328329	0.9596599169300779
0.08423423423423423	0.9309041804092436
0.08518518518518518	0.9066500029713499
0.08613613613613613	0.8989295788347567
0.0870870870870871	0.9211628167947669
0.08803803803803803	0.8959645560200921
0.08898898898898899	0.9734918112338474
0.08993993993993994	0.8956678904461227
0.09089089089089089	0.8160477011088237
0.09184184184184184	0.8482195258027685
0.09279279279279279	0.8785155582771959
0.09374374374374375	0.9196019432175823
0.09469469469469469	0.9350545546793285
0.09564564564564565	0.8958609974908305
0.0965965965965966	0.8896605813488139
0.09754754754754755	0.9859128386364189
0.0984984984984985	0.9257500470202156
0.09944944944944945	0.8363938317811934
0.10040040040040041	1.0
0.10135135135135134	0.9397994610652252
0.1023023023023023	0.9077316770352429
0.10325325325325325	0.9120708013656864
0.1042042042042042	0.8776803952090152
0.10515515515515515	0.8733738909337161
0.1061061061061061	0.9814003514332527
0.10705705705705706	0.8592827306829723
0.108008008008008	0.8856537347896468
0.10895895895895896	1.0
0.10990990990990991	0.9083920892831324
0.11086086086086086	0.9252813625705459
0.11181181181181181	0.9126384248910889
0.11276276276276276	0.9473192551372582
0.11371371371371371	0.8745228273936017
0.11466466466466467	0.8660709219633915
0.11561561561561562	1.0
0.11656656656656657	0.8319661395651025
0.11751751751751752	0.9445747757376274
0.11846846846846847	0.8784135422744036
0.11941941941941941	0.8665411553980269
0.12037037037037036	0.9553500810186984
0.12132132132132133	0.8524522431722971
0.12227227227227228	0.8152370400152893
0.12322322322322322	0.8289146876777147
0.12417417417417417	0.8752276646854108
0.12512512512512514	0.9064363689210124
0.12607607607607607	0.999169848645503
0.127027027027027	0.9625010126069766
0.127977977977978	0.8114465026466495
0.12892892892892893	0.8914214437284864
0.12987987987987987	0.904732578497048
0.13083083083083083	0.7729353546010239
0.1317817817817818	0.859073414586051
0.13273273273273273	0.9080580497161429
0.13368368368368366	0.9943521814672747
0.13463463463463465	0.8210334990709303
0.1355855855855856	0.9319859011771587
0.13653653653653652	0.8151656962393039
0.1374874874874875	0.8965699033566318
0.13843843843843845	0.8857013496009392
0.13938938938938938	0.8219144112542471
0.14034034034034032	0.853108034512131
0.1412912912912913	0.8552148502741044
0.14224224224224224	0.8294168463693888
0.14319319319319318	0.8285235657007061
0.14414414414414414	0.8351576403365191
0.1450950950950951	0.8801743876894442
0.14604604604604604	0.938005805415217
0.14699699699699698	0.7832409053167131
0.14794794794794794	0.8218029608911871
0.1488988988988989	0.8160191169953096
0.14984984984984984	0.8339389879982303
0.1508008008008008	0.9834885706991205
0.15175175175175176	0.8334021984913015
0.1527027027027027	0.8371363893974954
0.15365365365365363	0.7830279548699122
0.1546046046046046	0.8469887107310178
0.15555555555555556	0.77650807244156
0.1565065065065065	0.881872806552432
0.15745745745745746	0.8260966525865453
0.15840840840840842	0.7294475928198302
0.15935935935935935	0.787727247918226
0.1603103103103103	0.8537498382725665
0.16126126126126125	0.8899971763798901
0.16221221221221221	0.8236293577538422
0.16316316316316315	0.8610811155791211
0.1641141141141141	0.8119471485423938
0.16506506506506508	0.7462450288764525
0.166016016016016	0.8731196603646352
0.16696696696696695	0.802665892209497
0.1679179179179179	0.9008814277504261
0.16886886886886887	0.8207082713026094
0.1698198198198198	0.8824403158673049
0.17077077077077077	0.8274370964292936
0.17172172172172173	0.8580862325354129
0.17267267267267267	0.7895185060774011
0.1736236236236236	0.843988407047356
0.17457457457457456	0.7714970783363216
0.17552552552552553	0.8511067449998984
0.17647647647647646	0.8077145336159741
0.1774274274274274	0.7725145206641586
0.1783783783783784	0.7635803941787596
0.17932932932932932	0.8082381006511838
0.18028028028028026	0.858593334000904
0.18123123123123125	0.7790448653589545
0.18218218218218218	0.8052847990091228
0.18313313313313312	0.8454295924604798
0.18408408408408405	0.8463961571220001
0.18503503503503504	0.7462936719635822
0.18598598598598598	0.7687043819443531
0.18693693693693691	0.8109598736035644
0.1878878878878879	0.7780159693978972
0.18883883883883884	0.8653436987676434
0.18978978978978978	0.7849422629205802
0.1907407407407407	0.8778532741069224
0.1916916916916917	0.8174067074102348
0.19264264264264264	0.8005082717223948
0.19359359359359357	0.8253373199091247
0.19454454454454456	0.7422301923497985
0.1954954954954955	0.7932673652232854
0.19644644644644643	0.8157910413936009
0.19739739739739737	0.7822730482096012
0.19834834834834836	0.8081991594127889
0.1992992992992993	0.7211416997235943
0.20025025025025023	0.8432653757552464
0.20120120120120122	0.758178741005764
0.20215215215215215	0.8065697853995589
0.2031031031031031	0.8215744097895179
0.20405405405405402	0.7993445690656205
0.20500500500500501	0.8280559281842503
0.20595595595595595	0.7738613295387337
0.20690690690690688	0.7457012655020724
0.20785785785785788	0.8702398525287005
0.2088088088088088	0.7928525361656352
0.20975975975975975	0.8018416874703664
0.21071071071071068	0.8032210009850091
0.21166166166166167	0.8118659856720788
0.2126126126126126	0.7301930791154668
0.21356356356356354	0.7610419343772576
0.21451451451451453	0.7577760434402989
0.21546546546546547	0.7377020246342163
0.2164164164164164	0.7526853029432835
0.21736736736736734	0.8042111210026491
0.21831831831831833	0.7233961903046524
0.21926926926926926	0.7418454417978035
0.2202202202202202	0.7354031138796054
0.2211711711711712	0.7502477604161182
0.22212212212212212	0.8262498194141424
0.22307307307307306	0.8245328782463801
0.224024024024024	0.7391201956895652
0.22497497497497498	0.7553003029125869
0.22592592592592592	0.8669555284890904
0.22687687687687685	0.7894851862132928
0.22782782782782784	0.7119788632756964
0.22877877877877878	0.6810144472460452
0.22972972972972971	0.8034145389831316
0.23068068068068065	0.7102922516077156
0.23163163163163164	0.804848717162004
0.23258258258258258	0.8188855507507885
0.2335335335335335	0.7363021791194186
0.2344844844844845	0.7114741186892627
0.23543543543543544	0.7756031783912756
0.23638638638638637	0.7927373171381944
0.2373373373373373	0.6293851663403837
0.2382882882882883	0.7582189108078762
0.23923923923923923	0.8574538110256698
0.24019019019019017	0.7843808955785971
0.24114114114114116	0.8271656225809974
0.2420920920920921	0.7425500184860935
0.24304304304304303	0.770500944468789
0.24399399399399396	0.7862581371242046
0.24494494494494495	0.7614422297677654
0.2458958958958959	0.7657710326864624
0.24684684684684682	0.7875378477416383
0.24779779779779781	0.7123175531786553
0.24874874874874875	0.7175608960350877
0.24969969969969968	0.7077150958645453
0.2506506506506506	0.7457878577441497
0.2516016016016016	0.7389679502163652
0.25255255255255254	0.7502324147294337
0.2535035035035035	0.7486826573499807
0.25445445445445447	0.7189370707613565
0.2554054054054054	0.7455554577521903
0.25635635635635634	0.7561718463047356
0.2573073073073073	0.762631341562907
0.25825825825825827	0.762584062935686
0.2592092092092092	0.6801342124447997
0.26016016016016014	0.7105062718067446
0.2611111111111111	0.7852265570822468
0.26206206206206206	0.6841844680968596
0.263013013013013	0.7761642409307921
0.26396396396396393	0.8101201514639559
0.2649149149149149	0.7872782195549477
0.26586586586586586	0.7081891026904932
0.2668168168168168	0.6590237211910045
0.2677677677677678	0.6859368104776242
0.2687187187187187	0.7481615763664438
0.26966966966966965	0.770354043937621
0.2706206206206206	0.7145862143489545
0.2715715715715716	0.7007135109549066
0.2725225225225225	0.6696650551799206
0.27347347347347345	0.7500675905531121
0.27442442442442444	0.7768147486124447
0.2753753753753754	0.612124465911436
0.2763263263263263	0.673373009227247
0.27727727727727725	0.7627024108417574
0.27822822822822824	0.7528686743961736
0.27917917917917917	0.6711721002584777
0.2801301301301301	0.7072469046809192
0.2810810810810811	0.7594969937516615
0.28203203203203203	0.7467611653341424
0.28298298298298297	0.5628012031352508
0.2839339339339339	0.7555520734606684
0.2848848848848849	0.6688288758587471
0.2858358358358358	0.6751801090652363
0.28678678678678676	0.6982745463510155
0.28773773773773775	0.712579008627385
0.2886886886886887	0.6688294589270101
0.2896396396396396	0.7327542660514682
0.29059059059059056	0.7631110579145952
0.29154154154154155	0.795019713381389
0.2924924924924925	0.7764350798917157
0.2934434434434434	0.7116245270997692
0.2943943943943944	0.6843466553927255
0.29534534534534534	0.7952745434185791
0.2962962962962963	0.6746815627960886
0.2972472472472472	0.8127192910577865
0.2981981981981982	0.6462065986322674
0.29914914914914914	0.6905031525947247
0.3001001001001001	0.7474225248633997
0.301051051051051	0.7300273479784686
0.302002002002002	0.734892707796379
0.30295295295295294	0.6436302140035912
0.30390390390390387	0.8716303455107008
0.3048548548548548	0.6932491879001867
0.3058058058058058	0.674380672518628
0.30675675675675673	0.7723631023059837
0.30770770770770767	0.7441803386837184
0.30865865865865866	0.7178750861666038
0.3096096096096096	0.7830873673962314
0.31056056056056053	0.6986915453883699
0.31151151151151146	0.6390745074490742
0.31246246246246245	0.6772257632137816
0.3134134134134134	0.7520413732371902
0.3143643643643643	0.7362750779890074
0.3153153153153153	0.6751898616113917
0.31626626626626625	0.6234086227859339
0.3172172172172172	0.6943774101549751
0.3181681681681681	0.7129707065755931
0.3191191191191191	0.7553363840717788
0.32007007007007005	0.6615855906149469
0.321021021021021	0.6854818360530244
0.32197197197197197	0.6860267041731744
0.3229229229229229	0.6544818963400756
0.32387387387387384	0.7208989167126818
0.3248248248248248	0.6445358724186195
0.32577577577577577	0.6984896413122207
0.3267267267267267	0.6243452221713071
0.32767767767767764	0.6745997414599536
0.3286286286286286	0.6180512001469685
0.32957957957957956	0.6870330688146
0.3305305305305305	0.6936631499555808
0.33148148148148143	0.6565491306060557
0.3324324324324324	0.6711137167807227
0.33338338338338336	0.6439631358488206
0.3343343343343343	0.6129956479807352
0.3352852852852853	0.7052447980362654
0.3362362362362362	0.6911926048661847
0.33718718718718715	0.6407189600404852
0.3381381381381381	0.6109264223384052
0.3390890890890891	0.6094156222089118
0.34004004004004	0.6281672517221664
0.34099099099099095	0.7367274993400927
0.34194194194194194	0.7086794727043413
0.3428928928928929	0.6468611386124956
0.3438438438438438	0.6979096184743624
0.34479479479479475	0.649874193164003
0.34574574574574574	0.593632575147458
0.34669669669669667	0.7040815453648075
0.3476476476476476	0.7134935578738454
0.3485985985985986	0.6482917224564521
0.34954954954954953	0.6167802936744795
0.35050050050050047	0.6451953173355252
0.3514514514514514	0.6954522739932312
0.3524024024024024	0.6056632399813948
0.3533533533533533	0.6820527429367922
0.35430430430430426	0.6756402072254262
0.35525525525525525	0.6084331886871442
0.3562062062062062	0.6390182605188278
0.3571571571571571	0.6697101016202229
0.35810810810810806	0.6246452005884049
0.35905905905905905	0.6242329354498514
0.36001001001001	0.6965945645587258
0.3609609609609609	0.6264779788326041
0.3619119119119119	0.6634551171957184
0.36286286286286284	0.48572725707019715
0.3638138138138138	0.6756908143993836
0.3647647647647647	0.5839804671684775
0.3657157157157157	0.741165965904311
0.36666666666666664	0.5662595483428543
0.3676176176176176	0.5748033684140734
0.36856856856856857	0.5484044719543987
0.3695195195195195	0.7429824899961229
0.37047047047047044	0.5306185711756997
0.37142142142142137	0.6366645998774868
0.37237237237237236	0.5900163826119216
0.3733233233233233	0.5765561346843456
0.37427427427427423	0.5735358892707272
0.3752252252252252	0.5801978377201914
0.37617617617617616	0.657605792776827
0.3771271271271271	0.593868204841749
0.37807807807807803	0.5669782421296868
0.379029029029029	0.6065601776570356
0.37997997997997995	0.5962817650564138
0.3809309309309309	0.5883598668785618
0.3818818818818819	0.6710499508184322
0.3828328328328328	0.5817253855956502
0.38378378378378375	0.5903573838738501
0.3847347347347347	0.5865194945714409
0.3856856856856857	0.6476846068074744
0.3866366366366366	0.6220431867306906
0.38758758758758755	0.6212416802537618
0.38853853853853854	0.6619782075537125
0.38948948948948947	0.6102918734826372
0.3904404404404404	0.6758295547261557
0.39139139139139134	0.5857495829193601
0.39234234234234233	0.6539359792764601
0.39329329329329327	0.5920536582018772
0.3942442442442442	0.6234012290370846
0.3951951951951952	0.5830153366867631
0.3961461461461461	0.6384523512981972
0.39709709709709706	0.5812262319673036
0.398048048048048	0.5221362627744521
0.398998998998999	0.6510711188512224
0.3999499499499499	0.6193333209606717
0.40090090090090086	0.6068924932373585
0.40185185185185185	0.5665693102002315
0.4028028028028028	0.4745708688577356
0.4037537537537537	0.6459392228234755
0.40470470470470465	0.6499588940304776
0.40565565565565564	0.556107649041472
0.4066066066066066	0.5268361055811386
0.4075575575575575	0.5175321754902252
0.4085085085085085	0.5606127289829935
0.40945945945945944	0.6900002405381463
0.4104104104104104	0.545613363722806
0.4113613613613613	0.49840207876312137
0.4123123123123123	0.7047600888004526
0.41326326326326324	0.5909266614388379
0.41421421421421417	0.5395369599989247
0.41516516516516516	0.637833746157377
0.4161161161161161	0.5673696709930173
0.41706706706706703	0.6020506592899365
0.41801801801801797	0.6761032212877823
0.41896896896896896	0.5874331599355744
0.4199199199199199	0.7003108374993249
0.42087087087087083	0.6858266934669984
0.42182182182182176	0.605610157779939
0.42277277277277275	0.5468887728321613
0.4237237237237237	0.5107021650592037
0.4246746746746746	0.6134234072444226
0.4256256256256256	0.6189199624075498
0.42657657657657655	0.5986333741150917
0.4275275275275275	0.6376026634318914
0.4284784784784784	0.5531187260520258
0.4294294294294294	0.6272595354955902
0.43038038038038035	0.5458128251976999
0.4313313313313313	0.6370730091169494
0.43228228228228227	0.48961660741730273
0.4332332332332332	0.5336560812203301
0.43418418418418414	0.5094453050691867
0.4351351351351351	0.6201325526290221
0.43608608608608607	0.6548527515429247
0.437037037037037	0.4996747634737869
0.43798798798798794	0.594947187666223
0.4389389389389389	0.5662834867814323
0.43988988988988986	0.5448730836199358
0.4408408408408408	0.44947239315223075
0.44179179179179173	0.5561255276670639
0.4427427427427427	0.5619438594136789
0.44369369369369366	0.5789618916217454
0.4446446446446446	0.6263105252236325
0.4455955955955956	0.589149430952706
0.4465465465465465	0.5919637504751011
0.44749749749749745	0.5437378061192393
0.4484484484484484	0.5192041395081919
0.4493993993993994	0.3988122736861217
0.4503503503503503	0.5065076568719362
0.45130130130130125	0.6224054736321373
0.45225225225225224	0.48403918976153165
0.4532032032032032	0.4611952345602495
0.4541541541541541	0.6082765519902583
0.45510510510510505	0.557894619040575
0.45605605605605604	0.5640911160940442
0.45700700700700697	0.6150229642653131
0.4579579579579579	0.4609311618166101
0.4589089089089089	0.5479229660063728
0.45985985985985983	0.5200772745768495
0.46081081081081077	0.5734609196489427
0.4617617617617617	0.602302827744973
0.4627127127127127	0.5693606234995354
0.4636636636636636	0.5178195562397206
0.46461461461461456	0.48967906555958757
0.46556556556556555	0.5733934172490036
0.4665165165165165	0.5988125818968717
0.4674674674674674	0.49514886913962547
0.46841841841841836	0.5368923943084933
0.46936936936936935	0.5209970775509394
0.4703203203203203	0.4797078640818228
0.4712712712712712	0.5078072610534188
0.4722222222222222	0.5525884417977849
0.47317317317317314	0.43664186344950884
0.4741241241241241	0.5262340433890675
0.475075075075075	0.4845586116788328
0.476026026026026	0.5841033931633784
0.47697697697697694	0.5124925143406106
0.4779279279279279	0.4592434243200876
0.47887887887887887	0.6270075853940555
0.4798298298298298	0.540357819336405
0.48078078078078074	0.5356779468527654
0.48173173173173167	0.4877459404469388
0.48268268268268266	0.49695309210861865
0.4836336336336336	0.592863743339512
0.48458458458458453	0.4867057689084495
0.4855355355355355	0.5319004780759965
0.48648648648648646	0.5050992486218246
0.4874374374374374	0.4953210059323253
0.48838838838838833	0.563957095644146
0.4893393393393393	0.5558050935991551
0.49029029029029025	0.4860063627154432
0.4912412412412412	0.568946236636007
0.4921921921921922	0.4316801636201554
0.4931431431431431	0.4660298421810349
0.49409409409409405	0.5235998425838665
0.495045045045045	0.5136646474017481
0.495995995995996	0.4933867986165873
0.4969469469469469	0.4785676490290995
0.49789789789789785	0.4596967525898394
0.49884884884884884	0.5399956016085732
0.49979979979979977	0.4663178495606559
0.5007507507507507	0.41270943423366546
0.5017017017017017	0.5035364486748388
0.5026526526526527	0.49563417504052476
0.5036036036036036	0.4908671661950459
0.5045545545545546	0.46604520272742495
0.5055055055055055	0.5583150575379023
0.5064564564564564	0.4867295187182449
0.5074074074074074	0.4364678615775108
0.5083583583583583	0.48915240568457047
0.5093093093093093	0.39655106830372144
0.5102602602602603	0.5036784727763002
0.5112112112112112	0.5428350254006226
0.5121621621621621	0.4587639832913788
0.5131131131131131	0.4326482803529814
0.514064064064064	0.48965652723187664
0.515015015015015	0.43303033129765794
0.515965965965966	0.5317757685771555
0.5169169169169169	0.43417303775954064
0.5178678678678679	0.5489274527470485
0.5188188188188189	0.37801350670363437
0.5197697697697697	0.5575633028867498
0.5207207207207207	0.6345449695195808
0.5216716716716716	0.49933396724777734
0.5226226226226226	0.46963793213623495
0.5235735735735736	0.43468940396259764
0.5245245245245245	0.5269101445044981
0.5254754754754755	0.5432776630724298
0.5264264264264265	0.45021355723352263
0.5273773773773773	0.40374272641454534
0.5283283283283283	0.4616927122653668
0.5292792792792793	0.5126284879455275
0.5302302302302302	0.4878866025255048
0.5311811811811812	0.4420893598167117
0.5321321321321322	0.3963678229682023
0.533083083083083	0.4953303063315738
0.534034034034034	0.37781072019308404
0.5349849849849849	0.6010629214737907
0.5359359359359359	0.5220883360892568
0.5368868868868869	0.4193003822523146
0.5378378378378378	0.3965779973054229
0.5387887887887888	0.4681485541860245
0.5397397397397398	0.47291022040135167
0.5406906906906906	0.4685867567514143
0.5416416416416416	0.45224682996316784
0.5425925925925926	0.5514748763221526
0.5435435435435435	0.450668840082707
0.5444944944944945	0.4322152407856576
0.5454454454454455	0.5456343788582221
0.5463963963963964	0.5216851338536265
0.5473473473473474	0.4635044251025507
0.5482982982982982	0.39354200583319077
0.5492492492492492	0.4116330308620816
0.5502002002002002	0.4878442914476128
0.5511511511511512	0.48775620468248754
0.5521021021021021	0.4783194681610071
0.5530530530530531	0.3979241847665151
0.5540040040040041	0.4291218288699166
0.554954954954955	0.4189548166719955
0.5559059059059059	0.38053098795997065
0.5568568568568568	0.4583639949464861
0.5578078078078078	0.4593730781398236
0.5587587587587588	0.4919178503994129
0.5597097097097097	0.4577697084570816
0.5606606606606607	0.37809336586060466
0.5616116116116117	0.4284397394473338
0.5625625625625625	0.42804046843404225
0.5635135135135135	0.4792925955771308
0.5644644644644645	0.5187936077916063
0.5654154154154154	0.3205091182598188
0.5663663663663664	0.45734703513964586
0.5673173173173174	0.577174374379377
0.5682682682682683	0.39661173206693223
0.5692192192192193	0.45811426692199464
0.5701701701701701	0.4321720454236193
0.5711211211211211	0.47530095518033033
0.5720720720720721	0.4447380145250061
0.573023023023023	0.4511775156406717
0.573973973973974	0.4440941099181228
0.574924924924925	0.4765378454255817
0.5758758758758759	0.4798662596878808
0.5768268268268268	0.44029070853072155
0.5777777777777778	0.4780951357298562
0.5787287287287287	0.49165312865392935
0.5796796796796797	0.4597948893420876
0.5806306306306307	0.43246771335074435
0.5815815815815816	0.4430100452685985
0.5825325325325326	0.4011092269463208
0.5834834834834834	0.40052073027672414
0.5844344344344344	0.46384412510268014
0.5853853853853854	0.3982978984777658
0.5863363363363363	0.41763218793881657
0.5872872872872873	0.34527897482158504
0.5882382382382383	0.3891940304929312
0.5891891891891892	0.4434416296585546
0.5901401401401402	0.4025775158012103
0.5910910910910911	0.323988001775228
0.592042042042042	0.3949831095814141
0.592992992992993	0.43897960700092714
0.593943943943944	0.40090320799770124
0.5948948948948949	0.5077074751099164
0.5958458458458459	0.4597888369909018
0.5967967967967968	0.4431377458208519
0.5977477477477477	0.42458240195355706
0.5986986986986987	0.45442248012456377
0.5996496496496496	0.4364476515208546
0.6006006006006006	0.3417551683774513
0.6015515515515516	0.4084504084559498
0.6025025025025025	0.4627482789733893
0.6034534534534535	0.4129397057297149
0.6044044044044045	0.3934727553057746
0.6053553553553553	0.44060692717768574
0.6063063063063063	0.4476517539062762
0.6072572572572573	0.37241099769979874
0.6082082082082082	0.4480015165368601
0.6091591591591592	0.3864902805784179
0.6101101101101101	0.3737977745839773
0.6110610610610611	0.3263723707281379
0.612012012012012	0.4116689070435611
0.6129629629629629	0.3782098662021096
0.6139139139139139	0.34826852367496347
0.6148648648648649	0.3287285186731931
0.6158158158158158	0.4366334240780326
0.6167667667667668	0.36952597536445514
0.6177177177177178	0.363168598080788
0.6186686686686687	0.36068757611479035
0.6196196196196196	0.41268298261097913
0.6205705705705706	0.37218334525325975
0.6215215215215215	0.38506788396741015
0.6224724724724725	0.40289917444822504
0.6234234234234234	0.32161586812361154
0.6243743743743744	0.3651786442822676
0.6253253253253254	0.321933729558386
0.6262762762762762	0.4158017920446168
0.6272272272272272	0.419727083345473
0.6281781781781782	0.460994803915846
0.6291291291291291	0.4157564240964876
0.6300800800800801	0.3643471744534945
0.6310310310310311	0.33132735873310204
0.631981981981982	0.38089709803784366
0.632932932932933	0.3507292554955974
0.633883883883884	0.44700038912964224
0.6348348348348348	0.4491918990544398
0.6357857857857858	0.32379690419320706
0.6367367367367367	0.41541119624516193
0.6376876876876877	0.37137899163944044
0.6386386386386387	0.3487702057514928
0.6395895895895896	0.40445176489371687
0.6405405405405405	0.32868918496277416
0.6414914914914915	0.31008048158178897
0.6424424424424424	0.3859224574025244
0.6433933933933934	0.34427284865609675
0.6443443443443444	0.42156704456382504
0.6452952952952953	0.3275267876512201
0.6462462462462463	0.40576692387692376
0.6471971971971973	0.340964941631615
0.6481481481481481	0.376597693089857
0.6490990990990991	0.4112347232205913
0.65005005005005	0.2866782015023796
0.651001001001001	0.3865791172477178
0.651951951951952	0.29924559506986703
0.6529029029029029	0.3451832988209905
0.6538538538538539	0.3224354963814173
0.6548048048048049	0.2816796049314835
0.6557557557557557	0.35014444262966754
0.6567067067067067	0.3172554375090347
0.6576576576576577	0.37779737823760773
0.6586086086086086	0.35596218915686817
0.6595595595595596	0.3173311437927902
0.6605105105105106	0.3209748319583171
0.6614614614614615	0.3388096177198325
0.6624124124124124	0.31308365734348415
0.6633633633633633	0.36286941362914693
0.6643143143143143	0.22013672879449453
0.6652652652652653	0.2946664485717121
0.6662162162162162	0.4167401257702992
0.6671671671671672	0.3410546462232346
0.6681181181181182	0.367392123757015
0.669069069069069	0.27791843444939146
0.67002002002002	0.3051065187394263
0.670970970970971	0.3288428640977997
0.6719219219219219	0.32825995154720516
0.6728728728728729	0.3004893378005675
0.6738238238238239	0.3294502713685921
0.6747747747747748	0.35587396645623615
0.6757257257257258	0.3485425751118637
0.6766766766766766	0.25747062990414893
0.6776276276276276	0.25544449029880256
0.6785785785785786	0.3328542860426279
0.6795295295295295	0.35857028837185917
0.6804804804804805	0.30683449348595265
0.6814314314314315	0.2666710397605304
0.6823823823823824	0.3216059069101562
0.6833333333333333	0.2547892015465715
0.6842842842842843	0.3433219878565322
0.6852352352352352	0.3020002015926164
0.6861861861861862	0.2680054866219018
0.6871371371371372	0.4033596799719633
0.6880880880880881	0.2564862297337147
0.6890390390390391	0.3877790052627887
0.68998998998999	0.32401987968683055
0.6909409409409409	0.3105975114985025
0.6918918918918919	0.25263508213701763
0.6928428428428428	0.2782238155137161
0.6937937937937938	0.3196022190002877
0.6947447447447448	0.2961309548978606
0.6956956956956957	0.3320529734150654
0.6966466466466467	0.2685870841615537
0.6975975975975977	0.35789961729146347
0.6985485485485485	0.26810405877506527
0.6994994994994995	0.33790531692600034
0.7004504504504505	0.3107366410739444
0.7014014014014014	0.2668602603134286
0.7023523523523524	0.40221009888291587
0.7033033033033033	0.2923792411786877
0.7042542542542543	0.3464738708554873
0.7052052052052052	0.30699718347921623
0.7061561561561561	0.29913087743606426
0.7071071071071071	0.21652014965215677
0.7080580580580581	0.39131529335234844
0.709009009009009	0.3100006118562267
0.70995995995996	0.26432401412934076
0.710910910910911	0.32557040432047973
0.7118618618618618	0.25643467826583516
0.7128128128128128	0.3260394240151587
0.7137637637637638	0.3535594524778788
0.7147147147147147	0.3084245688486993
0.7156656656656657	0.36641228194120323
0.7166166166166166	0.3296099187574827
0.7175675675675676	0.33820774209804205
0.7185185185185186	0.29110856134218194
0.7194694694694694	0.293855185118762
0.7204204204204204	0.1959743351965884
0.7213713713713714	0.2339325594477641
0.7223223223223223	0.2333133372140085
0.7232732732732733	0.3120638402478912
0.7242242242242243	0.3636011084409978
0.7251751751751752	0.380325302397994
0.7261261261261261	0.3307737887829105
0.7270770770770771	0.2116291493045011
0.728028028028028	0.2864210266959134
0.728978978978979	0.21294519991314517
0.7299299299299299	0.2522143986490598
0.7308808808808809	0.25859587270554785
0.7318318318318319	0.3178457679243638
0.7327827827827827	0.2519653287723532
0.7337337337337337	0.18079863567757676
0.7346846846846847	0.2794301287347062
0.7356356356356356	0.20174145829139878
0.7365865865865866	0.223339848915399
0.7375375375375376	0.2572536028923877
0.7384884884884885	0.2487666165332953
0.7394394394394395	0.2781315412592046
0.7403903903903905	0.3039524990131915
0.7413413413413413	0.10372927123085218
0.7422922922922923	0.2713832601454738
0.7432432432432432	0.1722810156443349
0.7441941941941942	0.2754696634379599
0.7451451451451452	0.3009657510713572
0.7460960960960961	0.2144655553717642
0.747047047047047	0.24856435794880016
0.747997997997998	0.18072439110098473
0.7489489489489489	0.32462576034194873
0.7498998998998999	0.134101996564427
0.7508508508508509	0.2818073882717835
0.7518018018018018	0.29259603563609354
0.7527527527527528	0.20093782741580674
0.7537037037037038	0.3120798560283499
0.7546546546546546	0.3166738483194689
0.7556056056056056	0.153427882683557
0.7565565565565565	0.2957350587360808
0.7575075075075075	0.17269665577616192
0.7584584584584585	0.2051916753048929
0.7594094094094094	0.27348497910213354
0.7603603603603604	0.1724825451429451
0.7613113113113114	0.23585570483860385
0.7622622622622622	0.22405951157787773
0.7632132132132132	0.31586010856883173
0.7641641641641642	0.27118241284376793
0.7651151151151151	0.2831093647415444
0.7660660660660661	0.3054937801098161
0.7670170170170171	0.25268348200177615
0.767967967967968	0.22773649050060815
0.768918918918919	0.2276274299743897
0.7698698698698698	0.2723385818545683
0.7708208208208208	0.24796058001419474
0.7717717717717718	0.20516316514332122
0.7727227227227227	0.332432882609193
0.7736736736736737	0.2806707989474194
0.7746246246246247	0.21954954827989348
0.7755755755755755	0.11914684202184238
0.7765265265265265	0.22790523910698282
0.7774774774774775	0.1908955113451139
0.7784284284284284	0.2028102694883256
0.7793793793793794	0.2388067517569139
0.7803303303303304	0.23387201026212612
0.7812812812812813	0.24633612221134757
0.7822322322322323	0.219557897861879
0.7831831831831831	0.2552029965728584
0.7841341341341341	0.2267026649819779
0.7850850850850851	0.20217905302836012
0.786036036036036	0.14639349334193252
0.786986986986987	0.21012601255004493
0.787937937937938	0.2691070785378994
0.7888888888888889	0.16385049555890208
0.7898398398398399	0.2232529781302036
0.7907907907907908	0.28303692270543357
0.7917417417417417	0.37703710671259383
0.7926926926926927	0.12209833182084744
0.7936436436436436	0.20652160494979444
0.7945945945945946	0.14003658976685346
0.7955455455455456	0.26821611868386697
0.7964964964964965	0.20547949965643292
0.7974474474474474	0.29181942665445704
0.7983983983983984	0.10437665757977022
0.7993493493493493	0.19942837349047274
0.8003003003003003	0.27255047726126236
0.8012512512512513	0.1387647857737453
0.8022022022022022	0.21914123159822457
0.8031531531531532	0.2241369743729477
0.8041041041041042	0.21763517319869155
0.805055055055055	0.16246959559148205
0.806006006006006	0.2197479997754833
0.8069569569569569	0.20297627455873815
0.8079079079079079	0.22274821410436757
0.8088588588588589	0.1333041784850298
0.8098098098098098	0.1490460703051057
0.8107607607607608	0.09003591546559842
0.8117117117117117	0.17835127545344456
0.8126626626626626	0.088392437310896
0.8136136136136136	0.12290552922501287
0.8145645645645646	0.18891251823648308
0.8155155155155155	0.21436520696218025
0.8164664664664665	0.18453778392587142
0.8174174174174175	0.08834359134146968
0.8183683683683683	0.22129340957656307
0.8193193193193193	0.16598483021311972
0.8202702702702702	0.1842176127937996
0.8212212212212212	0.20798347487159546
0.8221721721721722	0.15282150984463908
0.8231231231231231	0.1746786673816288
0.8240740740740741	0.133157962492012
0.8250250250250251	0.1637114566110465
0.8259759759759759	0.18627508425929185
0.8269269269269269	0.10030663112561075
0.8278778778778779	0.1697588623850489
0.8288288288288288	0.1846863397004332
0.8297797797797798	0.17773841033743298
0.8307307307307308	0.20733939596963352
0.8316816816816817	0.10955472874765235
0.8326326326326327	0.20713332690163544
0.8335835835835835	0.2098015988714915
0.8345345345345345	0.14502046913409836
0.8354854854854855	0.10587780474043106
0.8364364364364364	0.16810140168043214
0.8373873873873874	0.2016350031729591
0.8383383383383384	0.10500346972227215
0.8392892892892893	0.1326737296311074
0.8402402402402402	0.13709746317178267
0.8411911911911912	0.15912195190784234
0.8421421421421421	0.12258041005135091
0.8430930930930931	0.13962222571529284
0.8440440440440441	0.05682659509242716
0.844994994994995	0.1749676551282665
0.845945945945946	0.15849084309590222
0.8468968968968968	0.1252032067636415
0.8478478478478478	0.24767995234012258
0.8487987987987988	0.1497473814993653
0.8497497497497497	0.08973790286297928
0.8507007007007007	0.12250621958047757
0.8516516516516517	0.1947451822590981
0.8526026026026026	0.11367633943034977
0.8535535535535536	0.1823283588348545
0.8545045045045045	0.06499176326444595
0.8554554554554554	0.101377424637141
0.8564064064064064	0.14244732111487773
0.8573573573573574	0.1281403193970609
0.8583083083083083	0.1663479365260777
0.8592592592592593	0.11990068313936302
0.8602102102102102	0.14176809510288324
0.8611611611611611	0.1428240219611177
0.8621121121121121	0.12467077695818524
0.863063063063063	0.07538916820722863
0.864014014014014	0.1613262243316138
0.864964964964965	0.07496651542113866
0.8659159159159159	0.15690092402189962
0.8668668668668669	0.1729935711653424
0.8678178178178179	0.06952121372842364
0.8687687687687687	0.17058304942683478
0.8697197197197197	0.10160861669690435
0.8706706706706707	0.11749932616749542
0.8716216216216216	0.17675827727063081
0.8725725725725726	0.11764294445722405
0.8735235235235235	0.19348236266542612
0.8744744744744745	0.15110573165177768
0.8754254254254255	0.0778132111962245
0.8763763763763763	0.0809029772054725
0.8773273273273273	0.18695387406797886
0.8782782782782783	0.07957053886147339
0.8792292292292292	0.21259800540717294
0.8801801801801802	0.12868700959970358
0.8811311311311312	0.08841732081777601
0.882082082082082	0.11613693972919863
0.883033033033033	0.13253896600889087
0.883983983983984	0.11954116309519043
0.8849349349349349	0.07248860531285475
0.8858858858858859	0.06490703859296482
0.8868368368368368	0.1470995861059757
0.8877877877877878	0.14488603356020704
0.8887387387387388	0.08338736475332381
0.8896896896896896	0.053273851437878605
0.8906406406406406	0.08072636764687649
0.8915915915915916	0.09655410022315304
0.8925425425425425	0.10716573996721566
0.8934934934934935	0.09608734847589595
0.8944444444444445	0.057026266418908456
0.8953953953953954	0.11994721773088272
0.8963463463463464	0.06468924055462039
0.8972972972972973	0.05419641632007077
0.8982482482482482	0.06999255670806692
0.8991991991991992	0.13420780088307488
0.9001501501501501	0.17758195947465066
0.9011011011011011	0.05
0.9020520520520521	0.07577458633944192
0.903003003003003	0.09823276577989407
0.903953953953954	0.06939520709553869
0.9049049049049049	0.08874394430594142
0.9058558558558558	0.10331423861853427
0.9068068068068068	0.11672640271220655
0.9077577577577578	0.11606924484038184
0.9087087087087087	0.05
0.9096596596596597	0.05
0.9106106106106107	0.05912136982662063
0.9115615615615615	0.09507950821438872
0.9125125125125125	0.1001338394493808
0.9134634634634634	0.06116531089130869
0.9144144144144144	0.05
0.9153653653653654	0.08508804052432996
0.9163163163163163	0.09046910657875835
0.9172672672672673	0.08485968282514457
0.9182182182182183	0.05
0.9191691691691691	0.06994757172021814
0.9201201201201201	0.05
0.9210710710710711	0.09719388187499149
0.922022022022022	0.1229606516335461
0.922972972972973	0.13933584063870819
0.923923923923924	0.06037461672622638
0.9248748748748749	0.06375646097978245
0.9258258258258258	0.05
0.9267767767767767	0.09484090672146286
0.9277277277277277	0.05
0.9286786786786787	0.06085620855753407
0.9296296296296296	0.05
0.9305805805805806	0.05
0.9315315315315316	0.07265377822242572
0.9324824824824824	0.09042041955018967
0.9334334334334334	0.09497688818034346
0.9343843843843844	0.05
0.9353353353353353	0.15220619619725542
0.9362862862862863	0.05
0.9372372372372373	0.08426155884299169
0.9381881881881882	0.06832049512997881
0.9391391391391392	0.05
0.94009009009009	0.0983426618755569
0.941041041041041	0.0742943466669811
0.941991991991992	0.05
0.9429429429429429	0.053445700157179775
0.9438938938938939	0.15842434954933765
0.9448448448448449	0.13367193437728497
0.9457957957957958	0.05727606014498677
0.9467467467467467	0.05
0.9476976976976977	0.05
0.9486486486486486	0.05
0.9495995995995996	0.05
0.9505505505505506	0.05
0.9515015015015015	0.05
0.9524524524524525	0.05
0.9534034034034033	0.05
0.9543543543543543	0.05
0.9553053053053053	0.05
0.9562562562562562	0.05
0.9572072072072072	0.05
0.9581581581581582	0.05
0.9591091091091091	0.05
0.9600600600600601	0.05
0.961011011011011	0.05
0.9619619619619619	0.05
0.9629129129129129	0.05
0.9638638638638639	0.05
0.9648148148148148	0.08856043101511193
0.9657657657657658	0.05
0.9667167167167167	0.05
0.9676676676676677	0.0786390172152722
0.9686186186186186	0.05
0.9695695695695695	0.05
0.9705205205205205	0.05
0.9714714714714715	0.05
0.9724224224224224	0.05
0.9733733733733734	0.05
0.9743243243243244	0.05
0.9752752752752752	0.0953038319776254
0.9762262262262262	0.05
0.9771771771771772	0.05
0.9781281281281281	0.05
0.9790790790790791	0.05
0.98003003003003	0.05
0.980980980980981	0.05
0.981931931931932	0.05
0.9828828828828828	0.05
0.9838338338338338	0.05
0.9847847847847848	0.05
0.9857357357357357	0.05
0.9866866866866867	0.05
0.9876376376376377	0.05363073403778978
0.9885885885885886	0.06141709962226947
0.9895395395395395	0.05
0.9904904904904905	0.11304148110127635
0.9914414414414414	0.05
0.9923923923923924	0.05
0.9933433433433433	0.05
0.9942942942942943	0.05
0.9952452452452453	0.05
0.9961961961961961	0.05
0.9971471471471471	0.06331148931762771
0.9980980980980981	0.05
0.999049049049049	0.05
1.0	0.05
